x1 x2 group
-0.383440018065533 0.150887994676879 1
0.616532911264066 0.234463110491464 1
0.481729418881072 -0.120173821122378 1
-0.450972063819381 0.163257343310092 1
0.274830617104981 0.5337656737096 1
0.113326732769578 -0.124032372903384 1
-0.00557222555685971 -0.103343083814427 1
-0.523030662861825 0.234737498877097 1
0.0164838484631477 0.00431982298263396 1
0.0868534405956707 -0.079912275987182 1
0.0674012866556045 0.0531596602095733 1
-0.0791708224144694 0.703717500622151 1
-0.205778523456774 -0.0251711182978555 1
-0.0674061114264612 -0.136118283147527 1
0.410632981755085 -0.451729100611648 1
-0.357739507936708 -0.437398787168862 1
-0.434359110721132 0.226432004933696 1
-0.865716005097956 -0.0610408884010733 1
-0.044429641858387 -0.294422716793476 1
0.284597901851466 -0.579421684818976 1
-0.206053983319628 0.0403817467472708 1
-0.159111900784549 0.142992716536097 1
-0.537130418494074 0.0535521553305406 1
0.646829986417012 0.0762515340572527 1
-0.110060633911917 0.771671373098343 1
0.253799585233882 -0.0836469574616118 1
0.0679607612634831 0.0971932151722723 1
-0.199099430135145 0.00742051521699217 1
-0.103042629486291 0.271249457033464 1
-0.040397355256827 -0.424093968723586 1
0.192043341891158 0.152168049408938 1
-0.142853932285771 -0.737202222946251 1
-0.0829670821137472 -0.227782241207236 1
-0.724004862611227 0.0394138435217277 1
-0.129467644761127 -0.0458438239601837 1
0.0854834747888409 0.0107608041398332 1
-0.0604831113496863 0.796716996779627 1
-0.0386920861182195 0.41804448594774 1
-0.416437395846649 0.847011513543925 1
-0.355209221609159 -0.153379156865049 1
-0.0365360746652017 0.1601289043694 1
-0.159257996301544 0.797548141894527 1
-0.0691618934369866 0.330495287776873 1
0.0093103731931586 0.0270209694087487 1
0.174365596205607 0.0220062963864594 1
0.0628774184237175 0.97137472524642 1
-0.315569702788374 0.663156827584058 1
0.388655471557798 0.175268982967938 1
-0.316624569597908 -0.0263477458424363 1
0.419805620298143 -0.530533332604438 1
-0.836012461703825 -0.490613671886049 1
0.674136033096114 0.212939106500709 1
-0.741460560204669 0.133136914117418 1
0.190096910145681 -0.295985374643993 1
-0.200422317159344 0.411480570988422 1
-0.100137613657253 -0.150993178006175 1
-0.222701935427838 0.95595557509004 1
0.0110171850364661 -0.0778091241168363 1
0.425123265321892 -0.182837549299782 1
-0.343470938926895 -0.393678732316947 1
-0.0468418822001874 0.280163764468042 1
-0.0827768111590856 0.0586125410022966 1
-0.805646385044952 0.479737290095201 1
0.17694191718468 0.238500439819242 1
-0.134388546209094 0.147778583953982 1
-0.037819137532434 0.0677255757867012 1
0.24773921595447 -0.305797853979005 1
-0.0646076914776309 -0.101125201048768 1
-0.930916327066507 -0.197017416396184 1
0.602906899726329 0.307582587591846 1
-0.302978139573517 -0.567310445162771 1
0.68199363484816 -0.30047754692552 1
-0.653003850806592 0.47363431639233 1
0.188249178637956 -0.339700732852112 1
-0.220341690574728 -0.945588282008008 1
0.913045899790637 -0.0593046158001036 1
0.00781221098851885 -0.226331917834682 1
-0.399924602414907 0.619007472943254 1
-0.00739321768112296 -0.717795605272109 1
-0.0367764340545207 0.133913429355958 1
-0.427271885873309 0.533041708604516 1
0.0209066057414772 0.0693038938158869 1
0.0551407574830846 -0.012312455150047 1
0.773156248859435 0.127309863781929 1
-0.663189082555253 -0.163044338615696 1
0.0551665592781163 0.17146056693137 1
0.0610409121649988 0.0466494829429295 1
0.306206418022531 0.380171551399661 1
-0.366176109628382 -0.26682071219067 1
0.142397836522088 0.0014169332557524 1
-0.278857721959981 0.631902294727656 1
0.0651448764923712 -0.114616424666225 1
0.143853575167741 -0.0816118967208069 1
-0.161231287401715 -0.272429374353533 1
0.879944098567938 -0.438545983683426 1
0.264263798236304 -0.0943665147034416 1
-0.303462523691817 0.0879629999139913 1
0.181369138760987 -0.210617921366156 1
-0.0315110574661964 0.0963914118170474 1
0.414613990150544 -0.0349263309738775 1
-0.981794047082876 2.13170160792611 2
-1.97479838470162 -0.682812575272282 2
0.859598248713919 2.05300369587832 2
-1.57673935473637 2.49337623420134 2
2.28818326366749 1.87165877468776 2
0.494303459607169 1.95568169100761 2
-2.55706739723894 1.04734725265387 2
1.39890366587227 2.48485716094463 2
0.0915241754242649 -2.23276691959443 2
0.350627021946379 2.45896563583789 2
1.25161054314339 -2.64980712080448 2
-1.61670146972074 -2.41448098726967 2
-2.29251638564963 -1.88651870363236 2
-1.73476197945268 -1.62784112766561 2
-0.189751672567043 -2.45426492112419 2
-1.58533982065337 -1.47859318152401 2
-1.10929477728739 -2.45906872388026 2
-2.3031542053427 1.02551091879902 2
-2.71719906795357 0.490536219707833 2
-1.56397388220788 2.31784251420097 2
-2.39141448078191 -0.790877864473028 2
-2.81666742108932 0.177150731083717 2
1.97725530935289 1.98396756529057 2
-0.183777604608918 -2.50037434786098 2
0.98809681437279 -2.27683038287646 2
2.22588629276355 -0.284280215941812 2
0.408547086834027 -2.01941266681849 2
-1.61054197473283 -2.33297382476297 2
-1.89768350910033 -1.94884560979985 2
-2.17401434685796 0.739631922921002 2
0.262575993142177 -2.67747389512978 2
2.15667587688924 1.64103233609053 2
0.848344857749182 2.22416643413846 2
1.26462570500694 -2.50641649591694 2
-1.96729040771315 -1.0513033778714 2
-0.0616199296955065 2.96581130818743 2
-2.40335669989169 -1.68897655462414 2
2.40609321841685 0.098026361919069 2
-2.46146769093254 -0.417941791957589 2
1.47241311786279 -1.49346946573568 2
0.0378699835107506 -2.15566557573417 2
-2.08539725370796 0.437131475762708 2
-2.2756949183609 0.404818110261127 2
-0.135980721162041 -2.49693753428914 2
-2.34249166225491 0.355616715904665 2
-0.64185000427516 -2.41512742576983 2
2.04689453939107 0.81969624785148 2
1.71155594856232 1.29041906218612 2
-2.54112088816844 -1.33204783013297 2
2.10621170070296 0.0989552035625286 2
-0.9909140959004 2.57437834819597 2
-1.55203902761744 -1.35961620856307 2
-0.957041053583583 -2.62732514650557 2
0.379536811727828 2.203950153483 2
1.82478775879933 1.61146806202842 2
0.23046735594599 -2.58110473405846 2
1.96558528433657 1.88873842662157 2
0.282965205032722 2.52954979528546 2
2.36971731333134 1.00232294464833 2
-1.86832868289178 -2.30206625103305 2
-1.76943550713778 1.84808762602722 2
0.824493653754762 -2.04607301623987 2
-2.27483391029054 -0.875622352150425 2
1.38935237673224 -1.76140245244508 2
-2.21918903379343 -0.284456121437437 2
-2.15883050905164 -1.43612635799627 2
-0.411588024056281 2.40758925934654 2
1.6133480198748 -2.04940860630533 2
-0.65471002784903 2.91608404491037 2
2.14550615903739 -0.213293762247276 2
-0.905606037150888 -2.27524867725975 2
-2.3444697495563 0.451332896922238 2
-1.85060211088131 1.70818960548542 2
2.62836240057563 -1.37472102847153 2
1.13908700273691 -1.89882287675924 2
1.13933719552134 2.39050044650983 2
2.1470359963717 1.70100644891887 2
0.676992182649125 -2.26885494817857 2
-0.729075773113059 2.56197902735453 2
-1.27211632100523 -2.60509127415089 2
-1.91564902588229 1.82408003683565 2
2.80407164863766 -0.835260309450934 2
-1.9862106952553 1.74762479433374 2
-1.97761231220345 1.61659373766651 2
0.314839499528359 -2.2971813557193 2
-2.52932955415062 0.285114493103669 2
-0.597258773654822 2.19184697195556 2
2.2664642615774 0.524124531100246 2
-2.65572085399449 0.8457304681464 2
1.40411967919538 2.37496134388596 2
1.75550944127936 -2.12982879137876 2
1.55662957186189 1.6147520798053 2
2.38097304579901 -1.74380474336092 2
2.63743403780667 -1.41603573344348 2
-0.0670438157975149 2.64086461687582 2
1.00274683425691 -2.35358542351412 2
-2.59667785574763 -0.210123963077362 2
0.824880953283551 2.42814818379099 2
-2.17265386990882 0.553699280083183 2
1.82068759246939 2.17146393245245 2
