Id	SRR3033158	SRR3033159	SRR3033160	SRR3033164	SRR3033165	SRR3033166	SRR3033161	SRR3033162	SRR3033163	SRR3033167	SRR3033168	norm.SRR3033158	norm.SRR3033159	norm.SRR3033160	norm.SRR3033164	norm.SRR3033165	norm.SRR3033166	norm.SRR3033161	norm.SRR3033162	norm.SRR3033163	norm.SRR3033167	norm.SRR3033168	baseMean	WT	codY	FoldChange	log2FoldChange	stat	pvalue	padj	dispGeneEst	dispFit	dispMAP	dispersion	betaConv	maxCooks
LMRG_RS02575	212	168	185	363	375	369	579	630	799	1231	1045	273	218	292	270	248	269	722	783	1147	804	718	522.12	262	835	3.19	1.673	10.849	2.02048315232363e-27	2.85494269423329e-24	0.0224	0.199	0.0287	0.0287	TRUE	0.5182
LMRG_RS02620	1183	1122	790	1695	2224	2130	2306	2071	2286	4728	4118	1522	1456	1246	1259	1470	1554	2875	2573	3283	3089	2829	2105.07	1418	2930	2.065	1.046	10.544	5.41944981692371e-26	5.10512172754213e-23	0.008	0.1972	0.0124	0.0124	TRUE	0.0569
LMRG_RS02775	1152	949	785	1884	3388	2349	3685	3696	3941	9005	8560	1482	1232	1238	1400	2239	1713	4594	4591	5659	5884	5881	3264.9	1551	5322	3.43	1.778	9.636	5.65748631241525e-22	3.99701407972138e-19	0.0402	0.197	0.0442	0.0442	TRUE	0.3617
LMRG_RS02695	3815	3115	2406	6868	7849	7364	12966	12169	15472	22513	16596	4908	4044	3794	5102	5187	5371	16163	15117	22219	14711	11402	9819.89	4734	15922	3.362	1.749	9.508	1.94497356009478e-21	1.09929905616557e-18	0.0377	0.1967	0.0442	0.0442	TRUE	0.2302
LMRG_RS02770	427	280	339	708	1228	911	1472	1617	1979	4400	4163	549	363	535	526	812	664	1835	2009	2842	2875	2860	1442.77	575	2484	4.316	2.11	9.321	1.15557759663222e-20	5.44277048013775e-18	0.056	0.1974	0.0661	0.0661	TRUE	0.1388
LMRG_RS09095	26	20	13	37	36	47	165	152	127	141	151	33	26	20	27	24	34	206	189	182	92	104	85.29	27	155	5.539	2.47	8.662	4.63872300893549e-18	1.63862890290646e-15	0.0754	0.2114	0.0862	0.0862	TRUE	0.0504
LMRG_RS12355	145	96	137	401	427	471	700	790	744	1807	1419	187	125	216	298	282	344	873	981	1068	1181	975	593.54	242	1016	4.183	2.065	8.316	9.06554389233807e-17	2.84658078219415e-14	0.0693	0.1987	0.0782	0.0782	TRUE	0.6161
LMRG_RS06375	221	230	167	362	371	371	341	337	281	656	649	284	299	263	269	245	271	425	419	404	429	446	341.16	272	425	1.572	0.653	8.196	2.4937113205856e-16	7.04722819197492e-14	0	0.2003	0.0053	0.0053	TRUE	0.0309
LMRG_RS06370	290	258	237	411	461	395	461	515	473	844	816	373	335	374	305	305	288	575	640	679	552	561	453.24	330	601	1.828	0.871	7.896	2.86908243981904e-15	7.37093361357146e-13	0.0078	0.1994	0.0136	0.0136	TRUE	0.0609
LMRG_RS11115	3887	4131	3106	6228	8027	5643	6770	6342	6437	12328	15022	5001	5362	4897	4627	5305	4116	8439	7879	9244	8056	10321	6658.81	4885	8788	1.799	0.847	7.839	4.54278356182279e-15	1.06982552880927e-12	0.0106	0.1968	0.0152	0.0152	TRUE	0.1191
LMRG_RS08565	714	623	660	1329	2041	1542	1817	1971	2961	4870	4393	919	809	1041	987	1349	1125	2265	2449	4252	3182	3018	1945.01	1038	3033	2.92	1.546	7.701	1.34549558954335e-14	2.92490041234577e-12	0.0465	0.1972	0.0521	0.0521	TRUE	0.2325
LMRG_RS12745	1933	1897	1353	3224	4000	3478	3229	3265	2906	6031	4762	2487	2463	2133	2395	2643	2537	4025	4056	4173	3941	3272	3102.31	2443	3893	1.592	0.671	7.462	8.55426167460072e-14	1.72673882088726e-11	0.0061	0.197	0.0102	0.0102	TRUE	0.1
LMRG_RS05010	1016	751	937	2137	2898	2366	3136	3315	5098	6389	6896	1307	975	1477	1588	1915	1726	3909	4118	7321	4175	4738	3022.66	1498	4852	3.237	1.695	7.39	1.4654090890355e-13	2.76083072374288e-11	0.0641	0.197	0.0685	0.0685	TRUE	1.0027
LMRG_RS02250	142	113	105	294	349	408	421	400	473	1203	839	183	147	166	218	231	298	525	497	679	786	576	391.37	207	613	2.947	1.559	7.247	4.25974120131651e-13	7.0811933146591e-11	0.0485	0.1998	0.0575	0.0575	TRUE	0.263
LMRG_RS04485	2011	1872	1536	4132	4445	4254	3853	3560	3425	7649	6029	2587	2430	2422	3070	2937	3103	4803	4423	4918	4998	4142	3621.27	2758	4657	1.687	0.754	7.199	6.05293106491782e-13	9.50310177192098e-11	0.0096	0.1969	0.0141	0.0141	TRUE	0.0479
LMRG_RS08305	2693	2345	1831	4582	6458	4700	5013	4766	5037	14489	12795	3465	3044	2887	3404	4268	3428	6249	5921	7233	9468	8791	5287.07	3416	7532	2.205	1.141	6.883	5.87954584524858e-12	8.74505082035394e-10	0.0296	0.1968	0.0358	0.0358	TRUE	0.0845
LMRG_RS09100	40	40	27	162	188	233	435	405	349	786	767	51	52	43	120	124	170	542	503	501	514	527	286.15	93	517	5.485	2.455	6.804	1.0202823149699e-11	1.37300848671663e-09	0.1654	0.201	0.1646	0.1646	TRUE	1.6589
LMRG_RS10810	80	70	96	201	257	184	225	240	286	508	458	103	91	151	149	170	134	280	298	411	332	315	221.32	133	327	2.443	1.289	6.787	1.14184987496529e-11	1.46675806665996e-09	0.033	0.2023	0.042	0.042	TRUE	0.2354
LMRG_RS11315	104	84	66	199	417	250	491	451	622	763	745	134	109	104	148	276	182	612	560	893	499	512	366.24	159	615	3.849	1.945	6.733	1.65802625466476e-11	2.03720965029679e-09	0.0973	0.2	0.1054	0.1054	TRUE	1.4762
LMRG_RS04075	118	101	79	185	210	251	214	196	176	467	374	152	131	125	137	139	183	267	243	253	305	257	199.26	144	265	1.829	0.871	6.613	3.76647848300592e-11	4.25762727718989e-09	0.0095	0.2029	0.0174	0.0174	TRUE	0.2023
LMRG_RS10945	724	448	425	2072	3183	2397	4080	4148	5771	10007	8411	932	582	670	1539	2103	1748	5086	5153	8287	6539	5779	3492.61	1262	6169	4.883	2.288	6.422	1.34653806381861e-10	1.46358329551976e-08	0.1553	0.1969	0.1658	0.1658	TRUE	0.6933
LMRG_RS06380	646	505	533	1077	1177	1023	917	1046	984	1755	1603	831	656	840	800	778	746	1143	1299	1413	1147	1101	977.73	775	1221	1.573	0.654	6.355	2.07872448325247e-10	2.17573162580425e-08	0.0081	0.1979	0.0128	0.0128	TRUE	0.0929
LMRG_RS07595	286	205	235	564	666	563	506	571	761	1429	1370	368	266	371	419	440	411	631	709	1093	934	941	598.4	379	862	2.269	1.182	6.266	3.7135778473161e-10	3.74806107018403e-08	0.0366	0.1987	0.0447	0.0447	TRUE	0.0779
LMRG_RS02900	515	509	433	925	996	1008	913	800	863	1773	1253	663	661	683	687	658	735	1138	994	1239	1159	861	861.58	681	1078	1.58	0.66	6.061	1.3528826430776e-09	1.23330527397977e-07	0.0096	0.198	0.0143	0.0143	TRUE	0.1599
LMRG_RS03270	818	863	633	1365	1661	1340	1058	1030	1073	2229	2157	1052	1120	998	1014	1098	977	1319	1280	1541	1457	1482	1212.53	1043	1416	1.358	0.441	5.767	8.06222638646325e-09	6.50967193375576e-07	0.0034	0.1976	0.0068	0.0068	TRUE	0.0347
LMRG_RS02980	818	564	483	2169	4369	2776	5690	5681	9136	8867	7773	1052	732	762	1611	2887	2025	7093	7057	13120	5794	5341	4315.85	1512	7681	5.079	2.344	5.732	9.92718605388601e-09	7.79284105230052e-07	0.2461	0.1969	0.2188	0.2188	TRUE	1.1291
LMRG_RS11030	46	53	55	76	144	99	95	125	123	303	351	59	69	87	56	95	72	118	155	177	198	241	120.73	73	178	2.444	1.289	5.673	1.40121041473718e-08	1.0702217924452e-06	0.0475	0.207	0.0581	0.0581	TRUE	0.112
LMRG_RS06270	1825	1755	1136	1878	2200	1817	4146	4091	5417	5306	4956	2348	2278	1791	1395	1454	1325	5168	5082	7779	3467	3405	3226.69	1765	4980	2.822	1.497	5.555	2.76962544184558e-08	1.9567403746639e-06	0.0929	0.197	0.0947	0.0947	TRUE	0.2818
LMRG_RS04800	148	151	163	528	455	649	558	662	836	1527	1032	190	196	257	392	301	473	696	822	1201	998	709	566.83	302	885	2.926	1.549	5.466	4.60859485866539e-08	2.99652592087949e-06	0.1003	0.1988	0.103	0.103	TRUE	0.3147
LMRG_RS07105	459	223	219	1525	2751	1960	3902	3649	4283	8338	8253	591	289	345	1133	1818	1430	4864	4533	6151	5448	5670	2933.86	934	5333	5.704	2.512	5.464	4.66550391078193e-08	2.99652592087949e-06	0.286	0.197	0.2764	0.2764	TRUE	1.537
LMRG_RS10440	117	97	138	381	399	461	412	402	543	1551	1548	151	126	218	283	264	336	514	499	780	1013	1064	476.99	230	774	3.366	1.751	5.456	4.87009802089666e-08	3.0584215571231e-06	0.126	0.1992	0.1322	0.1322	TRUE	0.048
LMRG_RS01670	151	100	198	336	568	500	438	552	894	1670	1424	194	130	312	250	375	365	546	686	1284	1091	978	564.65	271	917	3.379	1.757	5.401	6.61095575775017e-08	3.97501297263872e-06	0.1304	0.1988	0.1362	0.1362	TRUE	0.076
LMRG_RS00815	316	177	300	666	820	813	665	846	990	2450	1727	407	230	473	495	542	593	829	1051	1422	1601	1187	802.56	457	1218	2.665	1.414	5.378	7.54960901476799e-08	4.44483230744466e-06	0.0809	0.1981	0.0891	0.0891	TRUE	0.1414
LMRG_RS12120	91	79	113	196	355	224	212	279	433	793	897	117	103	178	146	235	163	264	347	622	518	616	300.78	157	473	3.012	1.591	5.373	7.72951545758118e-08	4.45787973124988e-06	0.1028	0.2008	0.1106	0.1106	TRUE	0.0837
LMRG_RS03260	135	144	108	264	487	339	314	314	373	734	784	174	187	170	196	322	247	391	390	536	480	539	330.14	216	467	2.152	1.106	5.351	8.73978805673715e-08	4.93972820966784e-06	0.0436	0.2004	0.0525	0.0525	TRUE	0.3338
LMRG_RS04590	644	571	537	1257	1100	1351	1148	1180	1629	3180	1822	829	741	847	934	727	985	1431	1466	2339	2078	1252	1238.98	844	1713	2.029	1.021	5.316	1.0585289870606e-07	5.7526979181409e-06	0.0404	0.1976	0.0474	0.0474	TRUE	0.1308
LMRG_RS03930	530	371	275	1638	1719	1856	1920	1841	2693	5879	4808	682	482	434	1217	1136	1354	2393	2287	3867	3842	3303	1908.77	884	3138	3.547	1.827	5.3	1.1602358854883e-07	6.18646530639609e-06	0.1392	0.1972	0.1549	0.1549	TRUE	0.1298
LMRG_RS06160	205	159	162	555	898	779	766	688	1032	3080	2801	264	206	255	412	593	568	955	855	1482	2013	1924	866.2	383	1446	3.766	1.913	5.271	1.35625893990165e-07	7.09775511881862e-06	0.1653	0.198	0.171	0.171	TRUE	0.0556
LMRG_RS00820	743	642	623	2083	2903	2397	2178	2351	2783	6024	4892	956	833	982	1547	1918	1748	2715	2921	3997	3936	3361	2265.05	1331	3386	2.542	1.346	5.161	2.46257859143994e-07	1.24272269632309e-05	0.0798	0.1971	0.0886	0.0886	TRUE	0.2231
LMRG_RS10535	310	173	262	756	1079	981	817	1012	1349	2582	2290	399	225	413	562	713	716	1018	1257	1937	1687	1573	954.56	505	1494	2.958	1.565	5.014	5.32797535850898e-07	2.55200989205871e-05	0.12	0.1979	0.1263	0.1263	TRUE	0.1913
LMRG_RS01355	197	149	190	707	566	866	711	853	1342	2389	1335	253	193	300	525	374	632	886	1060	1927	1561	917	784.44	380	1270	3.341	1.74	4.948	7.48555820127182e-07	3.41196572206358e-05	0.1645	0.1982	0.1603	0.1603	TRUE	0.1743
LMRG_RS03935	562	382	269	1566	1614	1892	1658	1609	2394	5547	4320	723	496	424	1163	1067	1380	2067	1999	3438	3625	2968	1759.04	876	2819	3.217	1.686	4.91	9.09392606066245e-07	4.0792754043543e-05	0.1391	0.1973	0.1537	0.1537	TRUE	0.1246
LMRG_RS11505	229	174	200	668	715	635	534	550	727	1840	1502	295	226	315	496	473	463	666	683	1044	1202	1032	626.82	378	925	2.444	1.289	4.858	1.18502278417809e-06	5.07405210316257e-05	0.0822	0.1986	0.0904	0.0904	TRUE	0.0896
LMRG_RS09490	1179	1224	820	2298	2929	2355	1813	1768	1782	3636	3811	1517	1589	1293	1707	1936	1718	2260	2196	2559	2376	2618	1979.01	1627	2402	1.475	0.561	4.849	1.24083027776443e-06	5.23371099248101e-05	0.0118	0.1972	0.017	0.017	TRUE	0.1214
LMRG_RS01340	577	372	473	1633	1826	1968	1680	1575	2044	4856	3758	742	483	746	1213	1207	1435	2094	1957	2935	3173	2582	1687.97	971	2548	2.622	1.391	4.75	2.02991321690007e-06	8.3138184796516e-05	0.097	0.1973	0.1116	0.1116	TRUE	0.2002
LMRG_RS11310	762	735	674	2429	3877	2607	3046	2691	3554	5898	6110	980	954	1063	1804	2562	1902	3797	3343	5104	3854	4198	2687.38	1544	4059	2.627	1.393	4.746	2.07984006021983e-06	8.39661144311607e-05	0.1103	0.197	0.1125	0.1125	TRUE	1.0132
LMRG_RS04815	1060	980	706	2283	2567	2669	2280	2080	1884	4277	3156	1364	1272	1113	1696	1696	1947	2842	2584	2706	2795	2168	2016.65	1515	2619	1.727	0.788	4.743	2.11091897866789e-06	8.40205216016261e-05	0.0281	0.1972	0.0357	0.0357	TRUE	0.2406
LMRG_RS01675	13	8	6	16	11	17	18	30	33	42	35	17	10	9	12	7	12	22	37	47	27	24	20.61	11	31	2.774	1.472	4.699	2.61624055611567e-06	0.00010268744182754	0.0425	0.2579	0.0708	0.0708	TRUE	0.176
LMRG_RS11510	169	152	157	215	271	204	249	279	337	479	444	217	197	248	160	179	149	310	347	484	313	305	264.45	192	352	1.842	0.881	4.686	2.78386592331814e-06	0.000106313582422933	0.0333	0.2013	0.0423	0.0423	TRUE	0.4917
LMRG_RS04720	1722	1277	1612	1127	1780	1181	6512	6719	12327	4246	4378	2216	1658	2542	837	1176	861	8118	8347	17702	2775	3008	4476.29	1548	7990	5.161	2.368	4.642	3.44436670521383e-06	0.00012951290101556	0.3731	0.1969	0.3405	0.3405	TRUE	0.2539
LMRG_RS09255	73	59	66	416	424	501	736	626	706	1127	944	94	77	104	309	280	365	917	778	1014	736	649	483.93	205	819	3.981	1.993	4.621	3.81153647286642e-06	0.000138094898363083	0.246	0.1992	0.2407	0.2407	TRUE	0.632
LMRG_RS00195	62	41	44	93	107	127	103	102	105	219	144	80	53	69	69	71	93	128	127	151	143	99	98.43	72	130	1.77	0.823	4.617	3.89932569622746e-06	0.000139487271108086	0.0195	0.2094	0.031	0.031	TRUE	0.2094
LMRG_RS04120	444	459	365	776	964	891	635	614	640	1141	1065	571	596	576	576	637	650	792	763	919	746	732	686.98	601	790	1.308	0.388	4.49	7.10666926371757e-06	0.000251043091740823	0.004	0.1984	0.0083	0.0083	TRUE	0.0959
LMRG_RS11225	376	312	335	215	283	225	1581	1575	1663	773	1011	484	405	528	160	187	164	1971	1957	2388	505	695	858.47	321	1503	4.684	2.228	4.472	7.76591187004499e-06	0.000267639840789599	0.3394	0.198	0.3233	0.3233	TRUE	0.0506
LMRG_RS00420	44	40	33	132	110	103	120	110	88	212	147	57	52	52	98	73	75	150	137	126	139	101	96.24	68	131	1.889	0.918	4.425	9.66251281528999e-06	0.000328991098988067	0.0339	0.2097	0.0453	0.0453	TRUE	0.4685
LMRG_RS02800	3390	2930	1146	19879	14532	18865	33432	30066	20817	47926	52574	4362	3803	1807	14768	9604	13760	41676	37351	29894	31317	36121	20405.68	8017	35272	4.399	2.137	4.401	1.07814087802894e-05	0.000362717395394022	0.2686	0.1966	0.309	0.309	TRUE	0.7577
LMRG_RS04825	1320	1431	892	2630	2890	2885	2300	2013	1705	4102	3567	1698	1858	1406	1954	1910	2104	2867	2501	2448	2680	2451	2170.72	1822	2589	1.42	0.506	4.389	1.13684419808067e-05	0.000377967259267762	0.0115	0.1972	0.0169	0.0169	TRUE	0.1503
LMRG_RS06350	2944	2718	2142	5051	5870	4236	5099	5138	4631	6537	6605	3788	3528	3377	3752	3879	3090	6356	6383	6650	4272	4538	4510.36	3569	5640	1.58	0.66	4.379	1.18965408295105e-05	0.000390925864932518	0.0217	0.1968	0.0295	0.0295	TRUE	0.1131
LMRG_RS07130	224	164	163	611	847	758	551	597	727	2185	2397	288	213	257	454	560	553	687	742	1044	1428	1647	715.62	388	1110	2.859	1.516	4.357	1.31731736238447e-05	0.000427901019091782	0.1497	0.1983	0.1568	0.1568	TRUE	0.0791
LMRG_RS06360	4216	3539	3310	6710	8238	5793	8247	8846	8015	9609	9236	5424	4594	5219	4985	5444	4225	10281	10989	11510	6279	6346	6845.11	4982	9081	1.822	0.866	4.35	1.36118336303363e-05	0.000437125475446936	0.0406	0.1968	0.0518	0.0518	TRUE	0.0675
LMRG_RS00215	264	248	195	735	866	896	613	722	870	1915	1267	340	322	307	546	572	654	764	897	1249	1251	871	706.66	457	1006	2.198	1.136	4.313	1.61329099039292e-05	0.000512265206612404	0.0816	0.1984	0.0893	0.0893	TRUE	0.131
LMRG_RS06430	2178	1966	2007	2592	3194	2681	3076	3395	3404	5724	4997	2802	2552	3165	1926	2111	1956	3834	4218	4888	3740	3433	3147.7	2419	4023	1.664	0.735	4.276	1.90565527863311e-05	0.000598375757490796	0.0324	0.197	0.0384	0.0384	TRUE	0.2804
LMRG_RS10950	499	288	738	2115	2532	2197	2068	2961	3396	6122	4189	642	374	1164	1571	1673	1603	2578	3678	4877	4000	2878	2276.2	1171	3602	3.074	1.62	4.201	2.65332461848129e-05	0.000797690997002991	0.1941	0.1971	0.1943	0.1943	TRUE	0.3027
LMRG_RS03290	125	82	104	238	246	293	189	194	232	813	696	161	106	164	177	163	214	236	241	333	531	478	254.87	164	364	2.219	1.15	4.196	2.71903782660585e-05	0.000806854990760851	0.0854	0.2015	0.094	0.094	TRUE	0.0839
LMRG_RS12500	309	254	234	961	1407	1261	1218	1265	1379	2310	1807	398	330	369	714	930	920	1518	1571	1980	1509	1242	1043.72	610	1564	2.56	1.356	4.194	2.74090867349758e-05	0.000806854990760851	0.1281	0.1978	0.1358	0.1358	TRUE	0.2854
LMRG_RS12115	610	639	561	902	1422	926	1098	916	1223	1611	1695	785	829	885	670	940	675	1369	1138	1756	1053	1165	1024.03	797	1296	1.625	0.7	4.155	3.2479332094287e-05	0.000945518459767878	0.0303	0.1978	0.0362	0.0362	TRUE	0.4772
LMRG_RS14280	175	162	167	684	737	615	611	608	586	1075	1250	225	210	263	508	487	449	762	755	842	702	859	551.12	357	784	2.188	1.13	4.143	3.42160265878081e-05	0.000966944911371458	0.084	0.1989	0.0954	0.0954	TRUE	0.216
LMRG_RS12140	187	202	201	743	664	872	605	639	675	1822	1383	241	262	317	552	439	636	754	794	969	1191	950	645.88	408	932	2.28	1.189	4.138	3.49885914906517e-05	0.000978987718342394	0.1007	0.1985	0.1064	0.1064	TRUE	0.4712
LMRG_RS03265	1120	1077	887	2457	3845	2924	2263	2050	2318	6256	6354	1441	1398	1399	1825	2541	2133	2821	2547	3329	4088	4366	2535.15	1790	3430	1.916	0.938	4.134	3.55977358037869e-05	0.000986266680210802	0.0614	0.1971	0.067	0.067	TRUE	0.1411
LMRG_RS03055	370	296	307	1230	1098	1385	911	920	1287	3868	2441	476	384	484	914	726	1010	1136	1143	1848	2528	1677	1120.48	666	1666	2.501	1.322	4.064	4.82201226419633e-05	0.00130019193597792	0.1352	0.1977	0.1377	0.1377	TRUE	0.196
LMRG_RS07860	1087	874	835	2292	3332	2521	1952	2030	1795	7063	6934	1399	1135	1317	1703	2202	1839	2433	2522	2578	4615	4764	2409.58	1599	3382	2.115	1.081	4.056	4.98470839600917e-05	0.00131652204926373	0.0883	0.1971	0.0926	0.0926	TRUE	0.0799
LMRG_RS08220	321	291	380	1023	1112	1181	1226	1357	1178	1701	1254	413	378	599	760	735	861	1528	1686	1692	1112	862	965.91	624	1376	2.2	1.137	4.047	5.19462471336601e-05	0.0013467898568782	0.0948	0.1979	0.1023	0.1023	TRUE	0.143
LMRG_RS10815	5	5	3	28	29	25	24	36	21	69	60	6	6	5	21	19	18	30	45	30	45	41	24.27	12	38	2.862	1.517	4.009	6.08806410936112e-05	0.0015499882137887	0.1163	0.2486	0.1388	0.1388	TRUE	0.2408
LMRG_RS01850	85	72	61	360	300	439	373	400	284	911	695	109	93	96	267	198	320	465	497	408	595	478	320.68	180	489	2.69	1.427	4.002	6.28900043496864e-05	0.00158684957403762	0.164	0.2005	0.1629	0.1629	TRUE	0.6467
LMRG_RS07100	188	107	79	1174	2305	1551	2625	2559	2910	5815	5843	242	139	125	872	1523	1131	3272	3179	4179	3800	4014	2043.32	672	3689	5.485	2.456	3.983	6.81786555918948e-05	0.00169011298862013	0.5409	0.1972	0.4973	0.4973	TRUE	2.0372
LMRG_RS00190	33	38	32	64	95	97	67	87	95	197	99	42	49	50	48	63	71	84	108	136	129	68	77.1	54	105	1.924	0.944	3.949	7.83783837088199e-05	0.00189313942188996	0.0492	0.213	0.061	0.061	TRUE	0.1073
LMRG_RS02245	17	8	8	88	115	91	94	127	124	303	280	22	10	13	65	76	66	117	158	178	198	192	99.64	42	169	3.949	1.981	3.927	8.60860961973322e-05	0.0020616890496073	0.3361	0.2093	0.3192	0.3192	TRUE	0.5177
LMRG_RS00655	15	10	30	118	110	127	133	209	230	270	194	19	13	47	88	73	93	166	260	330	176	133	127.09	56	213	3.807	1.929	3.919	8.88752217468849e-05	0.00211059980383779	0.3203	0.2065	0.3061	0.3061	TRUE	0.1877
LMRG_RS03255	320	291	234	933	1341	969	756	748	927	2742	2331	412	378	369	693	886	707	942	929	1331	1792	1602	912.79	574	1319	2.295	1.199	3.905	9.40915232924613e-05	0.00221585537353746	0.1162	0.198	0.1222	0.1222	TRUE	0.1362
LMRG_RS00450	42	32	34	71	89	83	91	104	84	132	86	54	42	54	53	59	61	113	129	121	86	59	75.45	54	102	1.869	0.902	3.901	9.59931147644489e-05	0.00224195489524242	0.0441	0.2133	0.0559	0.0559	TRUE	0.251
LMRG_RS02395	35	34	24	58	66	64	64	57	47	128	76	45	44	38	43	44	47	80	71	67	84	52	55.85	44	71	1.618	0.694	3.883	0.000103134574271826	0.00236957973083073	0	0.2192	0.0238	0.0238	TRUE	0.2606
LMRG_RS12405	88	77	82	174	199	176	133	134	112	288	228	113	100	129	129	132	128	166	166	161	188	157	142.69	122	168	1.369	0.453	3.863	0.000111944181320354	0.00253083405129056	0	0.2054	0.011	0.011	TRUE	0.0698
LMRG_RS14040	866	895	829	1628	1957	1812	1662	1611	1175	2280	2074	1114	1162	1307	1209	1293	1322	2072	2001	1687	1490	1425	1462.08	1234	1735	1.404	0.489	3.858	0.000114264661677866	0.00256279312620357	0.0145	0.1974	0.0203	0.0203	TRUE	0.0916
LMRG_RS02905	1582	1558	1517	2634	2377	2854	2179	2206	2213	3655	4510	2035	2022	2392	1957	1571	2082	2716	2740	3178	2388	3099	2380.08	2010	2824	1.406	0.492	3.856	0.000115311982131927	0.00256591859452619	0.0147	0.1971	0.0209	0.0209	TRUE	0.143
LMRG_RS06080	3593	3658	2850	5419	6405	5402	5453	5040	5151	7262	7986	4623	4748	4494	4026	4233	3940	6798	6261	7397	4745	5487	5159.26	4344	6138	1.413	0.498	3.833	0.000126553650713148	0.00279406731965122	0.0159	0.1968	0.022	0.022	TRUE	0.1481
LMRG_RS04480	2326	1954	1846	5866	6000	5771	3954	4186	3722	10119	8404	2993	2537	2911	4358	3965	4209	4929	5200	5345	6612	5774	4439.33	3496	5572	1.594	0.672	3.804	0.000142472325883905	0.00307348696906806	0.0331	0.1969	0.0407	0.0407	TRUE	0.2088
LMRG_RS13885	402	363	397	867	805	931	832	751	648	1957	909	517	471	626	644	532	679	1037	933	931	1279	625	752.14	578	961	1.661	0.732	3.796	0.000146970996095411	0.0031465154164063	0.0394	0.1982	0.0473	0.0473	TRUE	0.1716
LMRG_RS01845	39	42	35	41	40	44	95	98	48	101	100	50	55	55	30	26	32	118	122	69	66	69	62.97	41	89	2.172	1.119	3.784	0.00015460802319602	0.00328512987633046	0.085	0.2166	0.0968	0.0968	TRUE	0.0801
LMRG_RS06440	1037	927	1049	1368	1670	1184	1505	1736	2184	2563	2670	1334	1203	1654	1016	1104	864	1876	2157	3136	1675	1834	1623.04	1196	2136	1.787	0.837	3.761	0.00016939623991797	0.00351995422064842	0.0562	0.1973	0.0643	0.0643	TRUE	0.8422
LMRG_RS03285	695	596	685	602	704	705	1066	1064	1264	2024	1721	894	774	1080	447	465	514	1329	1322	1815	1323	1182	1013.22	696	1394	2.007	1.005	3.718	0.000200525134812608	0.00410640602159733	0.0904	0.1978	0.0946	0.0946	TRUE	0.4944
LMRG_RS11185	973	692	691	3113	3408	3467	2604	2676	3084	7084	4907	1252	898	1090	2313	2252	2529	3246	3324	4429	4629	3371	2666.64	1722	3800	2.205	1.141	3.719	0.000200187553733249	0.00410640602159733	0.11	0.197	0.1229	0.1229	TRUE	0.2507
LMRG_RS08225	672	614	651	2372	2561	2636	2780	3023	2531	3725	2589	865	797	1026	1762	1692	1923	3465	3755	3635	2434	1779	2103.08	1344	3014	2.24	1.164	3.708	0.000209212724720573	0.00425349036014633	0.1136	0.1972	0.1285	0.1285	TRUE	0.1713
LMRG_RS07095	267	143	81	1773	3691	2212	3790	3862	4373	8235	8570	344	186	128	1317	2439	1613	4725	4798	6280	5381	5888	3008.91	1004	5414	5.388	2.43	3.66	0.000251908566261022	0.00501333526939188	0.6341	0.197	0.5768	0.5768	TRUE	2.5843
LMRG_RS09055	105	118	99	296	364	335	208	219	235	614	578	135	153	156	220	241	244	259	272	337	401	397	256.03	192	333	1.734	0.794	3.603	0.000315144955965609	0.00610612239083071	0.0488	0.2015	0.0595	0.0595	TRUE	0.0887
LMRG_RS13265	74	69	65	264	294	278	218	196	223	566	406	95	90	102	196	194	203	272	243	320	370	279	214.98	147	297	2.009	1.007	3.602	0.000315461383248862	0.00610612239083071	0.0869	0.2024	0.0972	0.0972	TRUE	0.1669
LMRG_RS09045	50	56	61	122	129	106	89	76	83	205	192	64	73	96	91	85	77	111	94	119	134	132	97.89	81	118	1.466	0.552	3.569	0.000358006175519631	0.00674483634678984	0.0086	0.2095	0.021	0.021	TRUE	0.1216
LMRG_RS06840	437	366	513	560	414	588	975	967	1171	1303	829	562	475	809	416	274	429	1215	1201	1682	851	570	771.28	494	1104	2.236	1.161	3.503	0.000459286298358886	0.00848328809909943	0.1366	0.1982	0.1424	0.1424	TRUE	0.1352
LMRG_RS08650	3534	3546	2711	6360	7140	7425	4805	4644	3921	9436	7517	4547	4603	4275	4725	4718	5416	5990	5769	5631	6166	5165	5182.18	4714	5744	1.218	0.284	3.497	0.000471092228025318	0.0085340168999971	0.0054	0.1968	0.0085	0.0085	TRUE	0.0665
LMRG_RS12025	508	425	358	1588	1500	2180	1298	1435	1283	3403	2953	654	552	564	1180	991	1590	1618	1783	1842	2224	2029	1366.06	922	1899	2.058	1.041	3.476	0.000509513439614214	0.0091398732735061	0.1174	0.1975	0.1168	0.1168	TRUE	0.8011
LMRG_RS13625	760	866	695	1460	1481	1504	1096	1046	1241	2378	1678	978	1124	1096	1085	979	1097	1366	1299	1782	1554	1153	1228.44	1060	1431	1.35	0.433	3.475	0.000511004945935585	0.0091398732735061	0.0139	0.1976	0.0195	0.0195	TRUE	0.2267
LMRG_RS09065	1382	1389	1363	2539	3076	2777	1837	1814	1698	3331	3547	1778	1803	2149	1886	2033	2026	2290	2254	2438	2177	2437	2115.49	1946	2319	1.191	0.253	3.449	0.000562610377756415	0.00997290841168535	0.0037	0.1972	0.0065	0.0065	TRUE	0.0304
LMRG_RS04080	874	621	701	1270	1190	1228	1103	1361	1006	1840	1610	1125	806	1105	943	786	896	1375	1691	1445	1202	1106	1134.59	944	1364	1.445	0.532	3.418	0.000631012547201579	0.0108075239902525	0.0243	0.1977	0.0308	0.0308	TRUE	0.2199
LMRG_RS10065	667	778	870	2295	2286	2637	1950	2143	1860	3307	2836	858	1010	1372	1705	1511	1923	2431	2662	2671	2161	1948	1841.14	1396	2375	1.699	0.765	3.393	0.000690940098384399	0.0114858630472607	0.0542	0.1973	0.066	0.066	TRUE	0.2427
LMRG_RS07090	220	106	80	1723	3534	2388	3585	3506	4394	7395	7409	283	138	126	1280	2335	1742	4469	4355	6310	4832	5090	2814.65	984	5011	5.091	2.348	3.369	0.000754687420295858	0.0123280153165092	0.7035	0.197	0.6358	0.6358	TRUE	1.7696
LMRG_RS01855	269	271	213	682	866	809	507	583	423	1401	1216	346	352	336	507	572	590	632	724	607	915	835	583.4	450	743	1.646	0.719	3.34	0.000836790883918517	0.0134361990792825	0.0508	0.1987	0.0589	0.0589	TRUE	0.1751
LMRG_RS02955	58	49	89	342	454	478	386	479	445	868	624	75	64	140	254	300	349	481	595	639	567	429	353.86	197	542	2.744	1.456	3.329	0.00087291818160419	0.0137048154511858	0.2535	0.2001	0.2474	0.2474	TRUE	0.4142
LMRG_RS05510	713	693	572	1230	1353	1440	953	928	805	1529	1567	917	900	902	914	894	1050	1188	1153	1156	999	1077	1013.61	930	1115	1.195	0.257	3.29	0.00100124697245141	0.0152124943233746	0.0037	0.1978	0.007	0.007	TRUE	0.0517
LMRG_RS02895	152	158	145	255	323	351	212	214	233	614	391	196	205	229	189	213	256	264	266	335	401	269	256.62	215	307	1.432	0.518	3.282	0.00103074496026323	0.0154120913106026	0.0209	0.2015	0.0286	0.0286	TRUE	0.3659
LMRG_RS00445	19	26	18	35	48	36	52	49	42	71	40	24	34	28	26	32	26	65	61	60	46	27	39.13	28	52	1.798	0.846	3.265	0.00109318173454079	0.0159461013570043	0.0453	0.2289	0.0609	0.0609	TRUE	0.5682
LMRG_RS13705	131	123	175	143	128	207	228	240	312	832	274	169	160	276	106	85	151	284	298	448	544	188	246.21	158	352	2.246	1.167	3.265	0.0010946722092211	0.0159461013570043	0.1588	0.2017	0.1628	0.1628	TRUE	0.1676
LMRG_RS03920	585	385	258	4528	4408	5323	4717	4625	5847	13100	12077	753	500	407	3364	2913	3883	5880	5746	8397	8560	8298	4427.16	1970	7376	3.744	1.904	3.258	0.00112142379967276	0.0162520187583344	0.4825	0.1969	0.4474	0.4474	TRUE	0.6301
LMRG_RS02320	664	658	501	1151	1560	1194	858	823	735	1591	1552	854	854	790	855	1031	871	1070	1022	1055	1040	1066	955.34	876	1051	1.196	0.259	3.249	0.0011584947639312	0.0166188132125359	0.0036	0.1979	0.0072	0.0072	TRUE	0.0956
LMRG_RS13055	235	135	177	1303	1467	1446	1013	1101	1267	4604	3140	302	175	279	968	969	1055	1263	1368	1819	3008	2157	1214.97	625	1923	3.075	1.621	3.247	0.00116737032307674	0.0166615582475498	0.3419	0.1976	0.3255	0.3255	TRUE	0.2528
LMRG_RS02960	379	343	362	1080	1508	1190	905	1046	890	1870	1432	488	445	571	802	997	868	1128	1299	1278	1222	984	916.55	695	1182	1.698	0.763	3.24	0.00119646870759652	0.0169910581289838	0.0621	0.1979	0.0716	0.0716	TRUE	0.2854
LMRG_RS06355	1500	1205	1159	2046	2528	1850	2652	2758	2328	2662	2679	1930	1564	1827	1520	1671	1349	3306	3426	3343	1739	1841	2137.91	1644	2731	1.661	0.732	3.236	0.00121037597633421	0.0171026125456024	0.0585	0.1972	0.0666	0.0666	TRUE	0.0953
LMRG_RS02925	54	59	44	94	78	107	73	68	76	170	137	69	77	69	70	52	78	91	84	109	111	94	82.25	69	98	1.429	0.515	3.227	0.00125192781794196	0.0176017314104675	0.0087	0.2119	0.0212	0.0212	TRUE	0.1872
LMRG_RS05110	1964	2395	1840	3375	3348	4473	3298	2971	3767	6546	4278	2527	3109	2901	2507	2213	3263	4111	3691	5410	4277	2939	3358.9	2753	4086	1.484	0.569	3.218	0.00129097499973574	0.0180608680656099	0.0332	0.1969	0.0407	0.0407	TRUE	0.2194
LMRG_RS09445	81	75	56	137	162	163	87	103	117	252	228	104	97	88	102	107	119	108	128	168	165	157	122.12	103	145	1.407	0.493	3.211	0.00132399782495423	0.0184316150409884	0.0119	0.2069	0.0226	0.0226	TRUE	0.1966
LMRG_RS04820	828	895	605	1876	1978	2239	1465	1368	1084	3127	2526	1065	1162	954	1394	1307	1633	1826	1699	1557	2043	1736	1488.75	1252	1772	1.414	0.499	3.2	0.00137269681727109	0.0189231278322347	0.025	0.1974	0.0312	0.0312	TRUE	0.2729
LMRG_RS12535	4133	3320	2065	8588	8594	8303	9070	9312	9905	8885	8823	5318	4310	3256	6380	5679	6056	11306	11568	14224	5806	6062	7269.58	5166	9793	1.895	0.922	3.197	0.00138731940555241	0.0190318671849083	0.0923	0.1967	0.1089	0.1089	TRUE	0.0872
LMRG_RS11110	4590	4740	4168	7920	9444	7221	7225	7088	7103	9736	9881	5906	6153	6572	5884	6241	5267	9007	8805	10200	6362	6789	7016.85	6004	8233	1.371	0.455	3.194	0.00140102741320938	0.019035112835239	0.0198	0.1967	0.0265	0.0265	TRUE	0.1177
LMRG_RS13695	67	55	80	56	75	75	104	142	120	385	107	86	71	126	42	50	55	130	176	172	252	74	112.1	72	161	2.267	1.181	3.18	0.00147254400019634	0.0197223191685064	0.1666	0.2078	0.1703	0.1703	TRUE	0.158
LMRG_RS09995	8532	9383	6169	19020	22123	19656	18145	16292	13233	22270	22195	10977	12180	9727	14130	14620	14337	22619	20239	19003	14552	15249	15239.54	12662	18332	1.448	0.534	3.162	0.00156611647432099	0.0205910202014139	0.0294	0.1967	0.0373	0.0373	TRUE	0.1238
LMRG_RS08230	657	655	588	1943	2095	2116	1866	1875	1689	2793	1790	845	850	927	1443	1384	1543	2326	2329	2425	1825	1230	1557.26	1165	2027	1.737	0.797	3.143	0.00167427408948952	0.0217041219123733	0.0697	0.1974	0.0835	0.0835	TRUE	0.3918
LMRG_RS02935	90	76	87	188	215	222	128	161	117	351	272	116	99	137	140	142	162	160	200	168	229	187	158.1	133	189	1.421	0.507	3.118	0.00181890005712496	0.0233143699188502	0.0185	0.2046	0.0281	0.0281	TRUE	0.1735
LMRG_RS03925	589	377	273	3904	3752	4896	3300	3564	4326	12127	10496	758	489	430	2900	2480	3571	4114	4428	6212	7924	7211	3683.44	1771	5978	3.374	1.754	3.116	0.001832448872737	0.0233265788934899	0.4449	0.1969	0.4149	0.4149	TRUE	0.3718
LMRG_RS03985	230	205	235	1067	1148	1180	672	679	832	3352	2457	296	266	371	793	759	861	838	844	1195	2190	1688	918.1	558	1351	2.421	1.276	3.106	0.00189771259160893	0.0238352701506081	0.2159	0.1979	0.2199	0.2199	TRUE	0.1576
LMRG_RS00490	432	508	334	716	977	803	605	581	514	1029	977	556	659	527	532	646	586	754	722	738	672	671	642.08	584	711	1.214	0.28	3.095	0.00196681639522034	0.0245939076676667	0.0047	0.1985	0.0091	0.0091	TRUE	0.0436
LMRG_RS13750	111	84	82	784	803	919	795	754	647	2062	1589	143	109	129	582	531	670	991	937	929	1347	1092	678.23	361	1059	2.931	1.551	3.069	0.00214754053636631	0.0262725088994424	0.3506	0.1984	0.333	0.333	TRUE	0.4329
LMRG_RS13980	314	375	292	515	490	638	608	600	436	825	633	404	487	460	383	324	465	758	745	626	539	435	511.49	420	621	1.476	0.561	3.047	0.00230793843108085	0.0281130776130797	0.0345	0.199	0.0424	0.0424	TRUE	0.1677
LMRG_RS00115	7	7	6	24	23	25	30	27	20	37	23	9	9	9	18	15	18	37	34	29	24	16	19.86	13	28	1.997	0.998	3.042	0.00235122532218056	0.0284353495406558	0.0625	0.2602	0.0876	0.0876	TRUE	0.2051
LMRG_RS04570	1216	1179	999	1911	2124	2152	1486	1397	1219	2504	2407	1565	1530	1575	1420	1404	1570	1852	1735	1751	1636	1654	1608.33	1511	1726	1.143	0.192	3.041	0.00235451938871672	0.0284353495406558	0.0022	0.1974	0.0046	0.0046	TRUE	0.0208
LMRG_RS14215	1079	1132	819	2256	2730	2306	1559	1616	1219	3056	3011	1388	1469	1291	1676	1804	1682	1943	2008	1751	1997	2069	1734.4	1552	1954	1.257	0.33	3.029	0.00245024988482657	0.0294655581894464	0.0101	0.1973	0.015	0.015	TRUE	0.0813
LMRG_RS14285	10	11	18	75	67	85	54	66	73	128	129	13	14	28	56	44	62	67	82	105	84	89	58.54	36	85	2.309	1.207	3.02	0.00253095577149414	0.0303071229247561	0.186	0.2182	0.1899	0.1899	TRUE	0.2922
LMRG_RS06845	12430	11646	9742	17942	18627	18463	19059	19118	16294	23052	22481	15993	15118	15361	13329	12310	13467	23759	23750	23399	15063	15446	16999.41	14263	20283	1.422	0.508	3.017	0.00254968323234264	0.0304025519603388	0.0283	0.1966	0.0371	0.0371	TRUE	0.1048
LMRG_RS13040	106	73	55	851	963	918	732	828	883	2593	2050	136	95	87	632	636	670	912	1029	1268	1694	1408	778.91	376	1262	3.353	1.745	3.01	0.00261571818749141	0.0309289522922625	0.4731	0.1982	0.439	0.439	TRUE	0.3201
LMRG_RS12190	1157	1118	892	1725	2214	1857	1360	1369	1142	2290	2271	1489	1451	1406	1281	1463	1355	1695	1701	1640	1496	1560	1503.47	1408	1618	1.149	0.201	2.981	0.00287544504200276	0.0328988165534405	0.0026	0.1974	0.0053	0.0053	TRUE	0.0245
LMRG_RS02950	103	84	120	672	889	827	609	709	778	1764	1124	133	109	189	499	587	603	759	881	1117	1153	772	618.44	353	936	2.644	1.403	2.963	0.00305086658385087	0.0346254978552713	0.3035	0.1986	0.2919	0.2919	TRUE	0.2587
LMRG_RS07180	229	244	177	420	484	468	317	323	278	503	544	295	317	279	312	320	341	395	401	399	329	374	341.98	311	380	1.211	0.276	2.948	0.00319670436970844	0.0359915798756815	0.0034	0.2003	0.0085	0.0085	TRUE	0.073
LMRG_RS00185	31	32	41	54	84	55	67	65	57	141	65	40	42	65	40	56	40	84	81	82	92	45	60.43	47	77	1.633	0.707	2.944	0.00323781240969903	0.0363097534516248	0.045	0.2175	0.0583	0.0583	TRUE	0.6041
LMRG_RS13050	104	62	73	802	858	930	583	638	811	2858	1939	134	80	115	596	567	678	727	793	1165	1868	1332	732.21	362	1177	3.249	1.7	2.924	0.00346055077672519	0.0385020334449819	0.4756	0.1983	0.4412	0.4412	TRUE	0.2777
LMRG_RS06030	410	491	518	677	802	761	847	729	613	1143	959	528	637	817	503	530	555	1056	906	880	747	659	710.66	595	850	1.429	0.515	2.904	0.00368383759863704	0.0400404809759549	0.0321	0.1983	0.0397	0.0397	TRUE	0.2752
LMRG_RS12545	1790	1712	1515	3185	3471	3243	2055	2050	1907	3746	3617	2303	2222	2389	2366	2294	2365	2562	2547	2739	2448	2485	2429.04	2323	2556	1.098	0.135	2.892	0.00383124076241087	0.0411676288767039	7e-04	0.1971	0.0024	0.0024	TRUE	0.019
LMRG_RS00440	30	29	32	73	64	86	62	74	65	118	69	39	38	50	54	42	63	77	92	93	77	47	61.18	48	77	1.596	0.674	2.884	0.00393263896190706	0.0419526000970928	0.0413	0.2172	0.0547	0.0547	TRUE	0.5154
LMRG_RS04210	1692	1759	1086	3500	4344	3553	2601	2333	1946	5189	5369	2177	2283	1712	2600	2871	2592	3242	2898	2795	3391	3689	2749.99	2372	3203	1.349	0.432	2.876	0.00403106348149581	0.0425815269513284	0.0217	0.197	0.0292	0.0292	TRUE	0.227
LMRG_RS09050	88	90	68	175	255	240	139	125	145	345	339	113	117	107	130	169	175	173	155	208	225	233	164.18	135	199	1.465	0.551	2.877	0.00401434345291148	0.0425815269513284	0.0313	0.2043	0.0418	0.0418	TRUE	0.1967
LMRG_RS12175	454	425	344	1945	2111	2521	1736	1633	1587	3756	2915	584	552	542	1445	1395	1839	2164	2029	2279	2454	2003	1571.44	1060	2186	2.061	1.044	2.875	0.00403816320699081	0.0425815269513284	0.1627	0.1974	0.1719	0.1719	TRUE	0.4464
LMRG_RS03835	1175	1204	951	2169	2512	2549	1577	1435	1329	2916	2669	1512	1563	1500	1611	1660	1859	1966	1783	1909	1905	1834	1736.46	1618	1879	1.16	0.214	2.872	0.00408346887979999	0.0428991935104638	0.0037	0.1973	0.0067	0.0067	TRUE	0.067
LMRG_RS12170	618	770	507	1016	1244	1041	918	876	749	1321	1421	795	1000	799	755	822	759	1144	1088	1076	863	976	916.18	822	1029	1.252	0.324	2.869	0.00412364557489206	0.0430015586518264	0.0106	0.1979	0.0156	0.0156	TRUE	0.1332
LMRG_RS07125	695	793	541	1908	2727	2153	1348	1327	1369	3653	3895	894	1029	853	1417	1802	1570	1680	1649	1966	2387	2676	1629.51	1261	2072	1.642	0.715	2.865	0.0041673530112511	0.0431389729296542	0.0738	0.1973	0.081	0.081	TRUE	0.2475
LMRG_RS01680	104	94	63	90	114	105	227	211	137	172	132	134	122	99	67	75	77	283	262	197	112	91	138.08	96	189	1.977	0.984	2.84	0.00450558739839641	0.0461332970574937	0.1436	0.2057	0.1491	0.1491	TRUE	0.0668
LMRG_RS12135	2794	2915	2573	4433	5150	5051	5157	5045	4023	5714	5446	3595	3784	4057	3293	3403	3684	6429	6267	5777	3734	3742	4342.31	3636	5190	1.427	0.513	2.838	0.00454600355682595	0.0462122519841371	0.0328	0.1969	0.0426	0.0426	TRUE	0.08
LMRG_RS01770	181	199	158	379	368	377	384	353	238	564	337	233	258	249	282	243	275	479	439	342	369	232	309.01	257	372	1.444	0.53	2.836	0.00457257989140105	0.0463158092225784	0.0341	0.2007	0.0424	0.0424	TRUE	0.2556
LMRG_RS00660	24	8	17	182	197	200	161	206	234	468	279	31	10	27	135	130	146	201	256	336	306	192	160.86	80	258	3.209	1.682	2.832	0.00462472911287236	0.0465312191953652	0.4925	0.2044	0.4541	0.4541	TRUE	0.3813
LMRG_RS02945	24	20	27	145	178	215	111	158	160	434	261	31	26	43	108	118	157	138	196	230	284	179	137.17	80	205	2.541	1.345	2.832	0.00462677728021855	0.0465312191953652	0.298	0.2058	0.2871	0.2871	TRUE	0.5968
LMRG_RS13270	98	57	59	368	492	483	314	309	369	913	696	126	74	93	273	325	352	391	384	530	597	478	329.45	207	476	2.288	1.194	2.823	0.00475401114470915	0.0473057587850284	0.2347	0.2004	0.2309	0.2309	TRUE	0.2703
LMRG_RS13620	112	118	163	738	641	727	468	466	642	1621	910	144	153	257	548	424	530	583	579	922	1059	625	529.56	343	754	2.195	1.134	2.824	0.00474834819741108	0.0473057587850284	0.2106	0.199	0.2093	0.2093	TRUE	0.2212
LMRG_RS09755	1416	1310	1509	2229	2775	2325	1883	2157	1854	3028	3333	1822	1701	2379	1656	1834	1696	2347	2680	2662	1979	2290	2095.03	1848	2392	1.294	0.372	2.815	0.00487686580359562	0.0479646385725873	0.0179	0.1972	0.0224	0.0224	TRUE	0.2404
LMRG_RS09760	830	725	824	1523	1846	1675	1000	1113	1061	2104	2240	1068	941	1299	1131	1220	1222	1247	1383	1524	1375	1539	1268.01	1147	1414	1.232	0.301	2.813	0.00490452676210992	0.0479646385725873	0.0093	0.1976	0.0142	0.0142	TRUE	0.0923
LMRG_RS14360	310	230	251	1294	1482	1407	1185	1280	851	1790	1994	399	299	396	961	979	1026	1477	1590	1222	1170	1370	989.93	677	1366	2.016	1.011	2.813	0.00490508865798929	0.0479646385725873	0.1651	0.1978	0.1682	0.1682	TRUE	0.2128
LMRG_RS14135	4	0	3	3	12	7	13	12	14	11	9	5	0	5	2	8	5	16	15	20	7	6	8.16	4	13	2.877	1.524	2.809	0.00497424059709449	0.0484731169909966	0.2097	0.3515	0.2373	0.2373	TRUE	0.1274
LMRG_RS13700	60	50	85	51	59	64	81	119	95	395	123	77	65	134	38	39	47	101	148	136	258	85	102.5	67	146	2.212	1.146	2.807	0.00500071312274318	0.0485636264084956	0.207	0.2089	0.2071	0.2071	TRUE	0.627
LMRG_RS13735	647	591	541	1158	1465	1211	828	808	681	1437	1661	832	767	853	860	968	883	1032	1004	978	939	1141	932.59	860	1019	1.182	0.241	2.797	0.00515567173577564	0.049897014812678	0.0049	0.1979	0.0087	0.0087	TRUE	0.058
