Id	SRR3033158	SRR3033159	SRR3033160	SRR3033164	SRR3033165	SRR3033166	SRR3033161	SRR3033162	SRR3033163	SRR3033167	SRR3033168	norm.SRR3033158	norm.SRR3033159	norm.SRR3033160	norm.SRR3033164	norm.SRR3033165	norm.SRR3033166	norm.SRR3033161	norm.SRR3033162	norm.SRR3033163	norm.SRR3033167	norm.SRR3033168	baseMean	WT	codY	FoldChange	log2FoldChange	stat	pvalue	padj	dispGeneEst	dispFit	dispMAP	dispersion	betaConv	maxCooks
LMRG_RS06365	3497	3262	2541	3747	4136	2776	16	10	16	16	13	4499	4234	4007	2784	2733	2025	20	12	23	10	9	1850.62	3380	15	0.004	-7.88	-23.711	2.75051056957791e-124	7.77294286962716e-121	0.0868	0.1973	0.1061	0.1061	TRUE	0.0972
LMRG_RS04895	1297	1610	972	2782	3321	2176	606	622	661	1187	1044	1669	2090	1533	2067	2195	1587	755	773	949	776	717	1373.66	1857	794	0.427	-1.228	-8.813	1.21945238060678e-18	4.9231034679925e-16	0.0183	0.1975	0.0244	0.0244	TRUE	0.0853
LMRG_RS02365	364	356	273	683	821	478	167	212	156	342	339	468	462	430	507	543	349	208	263	224	223	233	355.59	460	230	0.5	-0.999	-7.298	2.91356313010068e-13	5.14608087854033e-11	0.0146	0.2001	0.0211	0.0211	TRUE	0.1768
LMRG_RS03410	2653	2467	2200	6414	6094	5335	1557	1576	1441	2741	3497	3413	3202	3469	4765	4027	3891	1941	1958	2069	1791	2403	2993.65	3794	2032	0.535	-0.901	-6.805	1.0091069044321e-11	1.37300848671663e-09	0.0176	0.197	0.0226	0.0226	TRUE	0.1953
LMRG_RS04900	8238	9376	5601	16125	20319	11706	2918	2997	3734	7763	8204	10599	12171	8832	11979	13428	8538	3638	3723	5362	5073	5637	8089.03	10924	4687	0.429	-1.221	-6.634	3.25883171726304e-11	3.83727434707723e-09	0.0355	0.1967	0.0442	0.0442	TRUE	0.0871
LMRG_RS04905	24407	22172	12795	31124	39403	21941	5227	6094	6518	16120	17484	31402	28782	20175	23122	26040	16004	6516	7570	9360	10534	12013	17410.62	24254	9199	0.379	-1.399	-6.205	5.48349751801741e-10	5.34357378824731e-08	0.056	0.1966	0.0665	0.0665	TRUE	0.1101
LMRG_RS03430	1049	910	760	2279	1563	1553	441	514	439	508	789	1350	1181	1198	1693	1033	1133	550	639	630	332	542	934.61	1265	539	0.425	-1.234	-6.084	1.16996129623937e-09	1.10210354105748e-07	0.0444	0.1979	0.0525	0.0525	TRUE	0.5663
LMRG_RS08590	7596	7464	4034	11374	12260	9457	3909	3669	2725	6322	7382	9773	9689	6361	8450	8102	6898	4873	4558	3913	4131	5072	6529.06	8212	4509	0.549	-0.865	-5.907	3.47614625004236e-09	3.06987165706866e-07	0.0212	0.1968	0.0279	0.0279	TRUE	0.0906
LMRG_RS03390	1287	1261	967	1978	2175	1951	860	896	825	1539	1715	1656	1637	1525	1469	1437	1423	1072	1113	1185	1006	1178	1336.48	1524	1111	0.729	-0.456	-5.897	3.70692189543008e-09	3.17447311408649e-07	0.0035	0.1975	0.007	0.007	TRUE	0.0363
LMRG_RS01835	11230	7739	4560	8921	9403	7414	1265	1425	1305	3721	5420	14449	10046	7190	6627	6214	5408	1577	1770	1874	2431	3724	5573.69	8322	2275	0.273	-1.87	-5.775	7.69997215531466e-09	6.40003567968213e-07	0.1318	0.1968	0.1372	0.1372	TRUE	0.3256
LMRG_RS06905	14746	14562	9254	20714	17532	13615	5626	5278	3962	11029	11798	18972	18903	14592	15388	11586	9931	7013	6557	5690	7207	8106	11267.69	14895	6915	0.464	-1.107	-5.593	2.23208982546127e-08	1.65996995967199e-06	0.0415	0.1967	0.0512	0.0512	TRUE	0.0868
LMRG_RS03240	804	746	534	1357	1504	1287	416	437	354	1078	1016	1034	968	842	1008	994	939	519	543	508	704	698	796.17	964	594	0.619	-0.693	-5.572	2.52140142506162e-08	1.82704626339081e-06	0.0133	0.1982	0.0188	0.0188	TRUE	0.13
LMRG_RS14055	6064	6407	5040	4132	4037	4778	856	813	484	2944	1965	7802	8317	7947	3070	2668	3485	1067	1010	695	1924	1350	3575.86	5548	1209	0.218	-2.197	-5.542	2.98452031422733e-08	2.05713522146499e-06	0.1986	0.1969	0.2054	0.2054	TRUE	0.0616
LMRG_RS03405	1840	1699	1451	3808	3915	3312	1312	1163	1096	2172	2797	2367	2205	2288	2829	2587	2416	1636	1445	1574	1419	1922	2062.54	2449	1599	0.653	-0.615	-5.536	3.08753302959095e-08	2.07746865276763e-06	0.0112	0.1972	0.0156	0.0156	TRUE	0.16
LMRG_RS04005	652	711	637	4608	3207	1930	327	306	340	456	468	839	923	1004	3423	2119	1408	408	380	488	298	322	1055.65	1619	379	0.234	-2.096	-5.444	5.20428479807016e-08	3.1972410520318e-06	0.1919	0.1978	0.1925	0.1925	TRUE	0.3052
LMRG_RS10560	5579	4305	827	166	116	162	52	45	33	124	97	7178	5588	1304	123	77	118	65	56	47	81	67	1336.76	2398	63	0.026	-5.246	-5.32	1.03716470161996e-07	5.74711264074118e-06	1.4487	0.1975	1.2647	1.2647	TRUE	0.08
LMRG_RS09240	1415	1453	1184	2308	2587	2348	1156	1082	897	2297	2118	1821	1886	1867	1715	1710	1713	1441	1344	1288	1501	1455	1612.72	1785	1406	0.79	-0.34	-5.257	1.46463785025432e-07	7.52557557239767e-06	0.0021	0.1974	0.0048	0.0048	TRUE	0.0259
LMRG_RS03420	1215	1077	1227	3521	2722	2731	680	832	775	1028	1493	1563	1398	1935	2616	1799	1992	848	1034	1113	672	1026	1454.03	1884	939	0.498	-1.007	-5.051	4.40320131089154e-07	2.18306086045254e-05	0.0431	0.1974	0.0512	0.0512	TRUE	0.2874
LMRG_RS03415	2212	1845	2087	6074	5340	4906	1188	1580	1254	2124	3013	2846	2395	3291	4512	3529	3578	1481	1963	1801	1388	2070	2623.1	3358	1741	0.518	-0.949	-5.033	4.82028697099041e-07	2.34864327241705e-05	0.0381	0.1971	0.0461	0.0461	TRUE	0.1789
LMRG_RS11410	10306	9458	4083	1779	987	1075	424	335	250	622	864	13260	12278	6438	1322	652	784	529	416	359	406	594	3367.01	5789	461	0.08	-3.651	-4.975	6.52711192659151e-07	3.0742697174246e-05	0.7838	0.1969	0.7044	0.7044	TRUE	0.0462
LMRG_RS02070	564	434	400	642	652	406	196	205	173	327	357	726	563	631	477	431	296	244	255	248	214	245	393.64	521	241	0.464	-1.107	-4.964	6.90682535386075e-07	3.199784991805e-05	0.0534	0.1998	0.0619	0.0619	TRUE	0.1207
LMRG_RS11415	10639	9273	3640	1314	837	747	353	301	235	453	716	13688	12037	5739	976	553	545	440	374	337	296	492	3225.34	5590	388	0.069	-3.849	-4.897	9.74088381934439e-07	4.30120901147926e-05	0.9063	0.197	0.808	0.808	TRUE	0.0545
LMRG_RS02370	108	83	46	111	186	101	34	37	32	62	79	139	108	73	82	123	74	42	46	46	41	54	75.22	100	46	0.461	-1.118	-4.86	1.17662257614237e-06	5.07405210316257e-05	0.0404	0.2134	0.0525	0.0525	TRUE	0.1074
LMRG_RS10565	8826	6433	1067	202	163	162	120	97	89	180	139	11356	8351	1682	150	108	118	150	121	128	118	96	2034.17	3628	123	0.034	-4.892	-4.786	1.69939297275704e-06	7.06247726619324e-05	1.5668	0.1972	1.3639	1.3639	TRUE	0.0944
LMRG_RS03425	1298	1121	1260	3042	2116	2147	672	840	706	732	1062	1670	1455	1987	2260	1398	1566	838	1044	1014	478	730	1312.66	1723	821	0.476	-1.072	-4.687	2.77645816781167e-06	0.000106313582422933	0.0551	0.1975	0.0675	0.0675	TRUE	0.4393
LMRG_RS11420	5025	4188	2124	971	596	596	252	279	189	334	498	6465	5436	3349	721	394	435	314	347	271	218	342	1663.03	2800	298	0.107	-3.23	-4.64	3.48300795370932e-06	0.00012951290101556	0.6994	0.1973	0.6327	0.6327	TRUE	0.06
LMRG_RS04615	78	41	18	210	123	84	8	10	16	26	45	100	53	28	156	81	61	10	12	23	17	31	52.16	80	19	0.234	-2.094	-4.622	3.80515692059519e-06	0.000138094898363083	0.2348	0.2208	0.2332	0.2332	TRUE	0.1906
LMRG_RS04620	154	110	55	373	212	137	30	19	40	112	78	198	143	87	277	140	100	37	24	57	73	54	108.18	158	49	0.313	-1.675	-4.483	7.36369909292825e-06	0.000256911279464386	0.1629	0.2083	0.1685	0.1685	TRUE	0.2146
LMRG_RS03540	6354	6322	5236	12731	11160	10597	5122	4708	4235	7983	10153	8175	8207	8256	9458	7375	7730	6385	5849	6082	5216	6976	7246.15	8200	6102	0.744	-0.426	-4.252	2.1215474750443e-05	0.000658845402689582	0.009	0.1967	0.013	0.013	TRUE	0.0826
LMRG_RS01420	4107	3949	1735	8393	7914	3214	1566	1570	1249	2681	3745	5284	5126	2736	6235	5230	2344	1952	1950	1794	1752	2573	3361.5	4492	2004	0.446	-1.164	-4.222	2.42054692857857e-05	0.000743528871756852	0.0919	0.1969	0.0993	0.0993	TRUE	0.095
LMRG_RS12965	2572	2471	1941	4591	5406	4107	1956	1889	1714	4102	4195	3309	3208	3061	3411	3573	2996	2438	2347	2461	2680	2882	2942.29	3260	2562	0.786	-0.347	-4.207	2.58981813980393e-05	0.00078697054441784	0.0052	0.197	0.0085	0.0085	TRUE	0.0611
LMRG_RS08865	4905	4656	3814	8487	11046	7379	3401	3135	2932	6255	8029	6311	6044	6014	6305	7300	5382	4240	3895	4210	4087	5516	5391.28	6226	4390	0.705	-0.504	-4.153	3.27886797796362e-05	0.000945518459767878	0.015	0.1968	0.0191	0.0191	TRUE	0.2574
LMRG_RS00855	272	271	315	471	470	338	185	190	125	265	286	350	352	497	350	311	247	231	236	180	173	196	283.75	351	203	0.58	-0.786	-4.144	3.42033504553763e-05	0.000966944911371458	0.0348	0.201	0.043	0.043	TRUE	0.347
LMRG_RS01585	199	174	171	182	245	136	69	79	56	113	134	256	226	270	135	162	99	86	98	80	74	92	143.48	191	86	0.452	-1.145	-4.119	3.80306413765465e-05	0.0010434426459235	0.083	0.2054	0.0921	0.0921	TRUE	0.09
LMRG_RS03090	101	88	90	168	181	176	65	71	60	140	144	130	114	142	125	120	128	81	88	86	91	99	109.52	126	89	0.715	-0.484	-4.063	4.84312430299328e-05	0.00130019193597792	0	0.2081	0.009	0.009	TRUE	0.0432
LMRG_RS04610	416	308	126	1168	990	475	106	121	81	191	430	535	400	199	868	654	346	132	150	116	125	295	347.38	500	164	0.328	-1.609	-4.061	4.87686996509763e-05	0.00130019193597792	0.2013	0.2002	0.2013	0.2013	TRUE	0.1928
LMRG_RS13215	259	172	42	318	255	257	55	53	51	113	149	333	223	66	236	169	187	69	66	73	74	102	145.35	202	77	0.38	-1.396	-4.049	5.14480003030383e-05	0.00134622267459617	0.1401	0.2053	0.1461	0.1461	TRUE	0.124
LMRG_RS07545	466	320	318	7313	14591	5091	299	318	249	506	939	600	415	501	5433	9643	3713	373	395	358	331	645	2036.92	3384	420	0.124	-3.01	-4.011	6.03790467526959e-05	0.0015499882137887	0.8212	0.1972	0.7361	0.7361	TRUE	0.1748
LMRG_RS00845	710	635	517	969	1082	1053	514	495	376	987	882	913	824	815	720	715	768	641	615	540	645	606	709.32	792	609	0.772	-0.374	-3.988	6.67510909014189e-05	0.00166936799015407	0.0053	0.1984	0.01	0.01	TRUE	0.067
LMRG_RS13895	118	128	113	270	265	230	112	80	93	194	157	152	166	178	201	175	168	140	99	134	127	108	149.71	173	122	0.696	-0.523	-3.98	6.88790548087948e-05	0.0016926279033883	0.0057	0.205	0.0154	0.0154	TRUE	0.0886
LMRG_RS07950	333	313	307	688	783	528	128	161	195	466	489	428	406	484	511	517	385	160	200	280	305	336	364.78	455	256	0.564	-0.826	-3.974	7.06029791826223e-05	0.00172003464801802	0.0443	0.2	0.0534	0.0534	TRUE	0.4061
LMRG_RS00780	3090	3304	2296	4336	4322	4115	2126	1845	1674	3678	3785	3976	4289	3620	3221	2856	3002	2650	2292	2404	2403	2601	3028.53	3494	2470	0.707	-0.499	-3.889	0.000100798545921201	0.00233489090797798	0.0158	0.197	0.0212	0.0212	TRUE	0.1378
LMRG_RS09875	3590	3530	3060	2608	2947	2250	1104	1059	1010	1693	1999	4619	4582	4825	1937	1948	1641	1376	1316	1450	1106	1373	2379.48	3259	1324	0.406	-1.299	-3.871	0.00010854647950283	0.00247380928286288	0.1307	0.1971	0.1469	0.1469	TRUE	0.0464
LMRG_RS07910	412	189	73	45	20	31	12	9	7	33	44	530	245	115	33	13	23	15	11	10	22	30	95.25	160	18	0.111	-3.171	-3.816	0.000135546860058851	0.00296942191105669	0.9776	0.2098	0.8696	0.8696	TRUE	0.3157
LMRG_RS11340	36	29	13	51	41	47	9	8	4	30	29	46	38	20	38	27	34	11	10	6	20	20	24.56	34	13	0.414	-1.274	-3.809	0.000139599697853412	0.00303468266256724	0.0672	0.248	0.0938	0.0938	TRUE	0.1908
LMRG_RS07550	195	113	87	2272	5524	1635	117	142	98	214	310	251	147	137	1688	3651	1193	146	176	141	140	213	716.5	1178	163	0.139	-2.852	-3.77	0.000163132877548862	0.00344039934293346	0.8327	0.1983	0.7458	0.7458	TRUE	0.2928
LMRG_RS04845	3135	2743	2152	4809	5020	4459	1974	2021	1805	4474	4578	4034	3561	3393	3573	3317	3252	2461	2511	2592	2924	3145	3160.21	3522	2727	0.775	-0.368	-3.762	0.000168250290764215	0.00351995422064842	0.0084	0.197	0.0122	0.0122	TRUE	0.092
LMRG_RS09870	3532	3441	2959	2466	2735	2064	1108	1101	983	1534	1708	4544	4467	4666	1832	1807	1505	1381	1368	1412	1002	1173	2287.11	3137	1267	0.404	-1.307	-3.698	0.000217073477636453	0.00435070672199018	0.1458	0.1971	0.1632	0.1632	TRUE	0.047
LMRG_RS12815	2307	2084	2007	4009	4266	4107	1855	1996	1802	4081	3500	2968	2705	3165	2978	2819	2996	2312	2480	2588	2667	2405	2734.76	2938	2490	0.848	-0.238	-3.698	0.000217071415258061	0.00435070672199018	0.0026	0.197	0.005	0.005	TRUE	0.0202
LMRG_RS04890	9434	11479	7045	12420	14614	8815	4516	4341	5417	5083	4536	12138	14901	11108	9227	9658	6430	5630	5393	7779	3321	3116	8063.71	10577	5048	0.477	-1.067	-3.632	0.00028088196303962	0.00555085613671305	0.1046	0.1967	0.113	0.113	TRUE	0.292
LMRG_RS07915	278	179	102	69	29	52	13	13	14	64	48	358	232	161	51	19	38	16	16	20	42	33	89.68	143	25	0.18	-2.478	-3.63	0.000283687259060502	0.00556736245906235	0.6419	0.2107	0.585	0.585	TRUE	0.1361
LMRG_RS03525	3134	2705	2741	6220	4846	5174	2224	2300	2016	3378	4678	4032	3511	4322	4621	3202	3774	2772	2857	2895	2207	3214	3400.81	3910	2789	0.713	-0.488	-3.595	0.00032466439068756	0.00624150726587105	0.0172	0.1969	0.0238	0.0238	TRUE	0.1703
LMRG_RS03545	4705	4627	3370	9921	8397	8349	3906	3533	3013	6246	7665	6054	6006	5314	7370	5549	6090	4869	4389	4327	4081	5266	5392.32	6064	4586	0.756	-0.403	-3.578	0.00034566686657702	0.00660036868207202	0.0122	0.1968	0.0164	0.0164	TRUE	0.1391
LMRG_RS07905	616	241	140	74	46	62	20	23	25	92	57	793	313	221	55	30	45	25	29	36	60	39	149.58	243	38	0.156	-2.68	-3.571	0.000355399352176036	0.0067406615385871	0.8017	0.205	0.7208	0.7208	TRUE	0.4657
LMRG_RS09360	2743	2640	2333	4830	5206	4419	1689	1795	1812	4042	4789	3529	3427	3679	3588	3440	3223	2105	2230	2602	2641	3290	3068.7	3481	2574	0.74	-0.435	-3.506	0.000455301478081119	0.00848227171539283	0.0151	0.197	0.0198	0.0198	TRUE	0.3021
LMRG_RS12265	5283	5730	2972	6780	6968	5582	2175	2126	2072	5673	6130	6797	7438	4686	5037	4605	4072	2711	2641	2975	3707	4212	4443.75	5439	3249	0.598	-0.743	-3.505	0.000456229759638963	0.00848227171539283	0.0537	0.1969	0.0586	0.0586	TRUE	0.1505
LMRG_RS00925	1554	1567	1338	2589	2497	2383	1158	1226	951	2142	2511	1999	2034	2110	1923	1650	1738	1444	1523	1366	1400	1725	1719.28	1909	1492	0.783	-0.354	-3.5	0.000466018806547428	0.00849657514389053	0.0083	0.1973	0.0128	0.0128	TRUE	0.0965
LMRG_RS03180	120	164	109	222	228	211	95	98	84	141	193	154	213	172	165	151	154	118	122	121	92	133	144.93	168	117	0.698	-0.52	-3.5	0.000465363221096545	0.00849657514389053	0.0122	0.2053	0.0213	0.0213	TRUE	0.1802
LMRG_RS12605	2044	1856	1686	3194	3514	3032	1479	1406	1282	3271	3172	2630	2409	2658	2373	2322	2212	1844	1747	1841	2137	2179	2213.85	2434	1950	0.803	-0.317	-3.448	0.000564637418920614	0.00997290841168535	0.0068	0.1971	0.0106	0.0106	TRUE	0.0539
LMRG_RS03530	1792	1627	1440	3171	2870	2682	1422	1428	1085	1890	2461	2306	2112	2271	2356	1897	1956	1773	1774	1558	1235	1691	1902.49	2150	1606	0.747	-0.421	-3.442	0.000577001899429671	0.0101279960732189	0.0125	0.1972	0.019	0.019	TRUE	0.2095
LMRG_RS06520	77	78	61	124	212	130	50	60	40	82	121	99	101	96	92	140	95	62	75	57	54	83	86.78	104	66	0.636	-0.653	-3.44	0.000582483158531342	0.0101610950988245	0.0233	0.2111	0.0344	0.0344	TRUE	0.3398
LMRG_RS02065	331	244	311	490	583	243	120	187	136	173	323	426	317	490	364	385	177	150	232	195	113	222	279.24	360	182	0.507	-0.98	-3.419	0.000628077912968543	0.0108075239902525	0.0951	0.2011	0.1032	0.1032	TRUE	0.2663
LMRG_RS14160	74	58	60	122	84	88	35	33	42	79	62	95	75	95	91	56	64	44	41	60	52	43	64.96	79	48	0.608	-0.718	-3.419	0.000628576672028408	0.0108075239902525	0.0269	0.216	0.0403	0.0403	TRUE	0.1524
LMRG_RS13590	144	94	151	141	153	141	45	44	50	136	119	185	122	238	105	101	103	56	55	72	89	82	109.75	142	71	0.503	-0.992	-3.412	0.000644320500444238	0.0109689743027435	0.0899	0.2081	0.0993	0.0993	TRUE	0.2643
LMRG_RS11350	237	267	110	253	328	287	114	99	79	214	261	305	347	173	188	217	209	142	123	113	140	179	194.25	240	139	0.585	-0.773	-3.406	0.000659252345145603	0.0111559708226436	0.0518	0.2031	0.0614	0.0614	TRUE	0.1735
LMRG_RS13005	397	388	249	528	678	480	243	252	175	484	517	511	504	393	392	448	350	303	313	251	316	355	376.02	433	308	0.714	-0.485	-3.4	0.000672854677407986	0.01131837689497	0.0159	0.1999	0.0237	0.0237	TRUE	0.1038
LMRG_RS06205	159	147	139	295	290	277	116	111	132	244	233	205	191	219	219	192	202	145	138	190	159	160	183.54	205	158	0.774	-0.37	-3.398	0.000677735295440293	0.0113330174255282	5e-04	0.2035	0.0098	0.0098	TRUE	0.101
LMRG_RS07920	209	190	78	60	29	47	24	24	25	28	32	269	247	123	45	19	34	30	30	36	18	22	79.32	123	27	0.221	-2.177	-3.386	0.000709324705722662	0.0117225240840482	0.5614	0.2125	0.5168	0.5168	TRUE	0.0621
LMRG_RS09355	874	843	721	1374	1474	1292	634	653	655	1184	1325	1125	1094	1137	1021	974	942	790	811	941	774	910	956.28	1049	845	0.807	-0.309	-3.378	0.000729674731673302	0.0119887255331904	0.0056	0.1979	0.0099	0.0099	TRUE	0.0454
LMRG_RS04910	4511	4146	2507	2749	3664	2244	1241	1555	1269	1515	1517	5804	5382	3953	2042	2421	1637	1547	1932	1822	990	1042	2597.51	3540	1467	0.414	-1.271	-3.366	0.000762157789063259	0.0123784937465102	0.1787	0.1971	0.1864	0.1864	TRUE	0.0708
LMRG_RS02785	391	385	360	699	784	692	259	283	211	683	673	503	500	568	519	518	505	323	352	303	446	462	454.43	519	377	0.732	-0.45	-3.343	0.000827726509148494	0.0133666006563065	0.0151	0.1994	0.0214	0.0214	TRUE	0.1893
LMRG_RS07900	1165	555	159	112	87	111	36	58	46	176	107	1499	720	251	83	57	81	45	72	66	115	74	278.48	448	74	0.166	-2.591	-3.337	0.000847525493184223	0.0134926457086812	0.874	0.2011	0.7816	0.7816	TRUE	0.3397
LMRG_RS13210	713	548	159	671	543	475	210	202	160	296	381	917	711	251	498	359	346	262	251	230	193	262	389.17	514	240	0.466	-1.101	-3.336	0.000849855249874468	0.0134926457086812	0.1389	0.1998	0.1394	0.1394	TRUE	0.1743
LMRG_RS03535	1315	1172	1202	3074	2939	2815	1006	1036	835	1894	2546	1692	1521	1895	2284	1942	2053	1254	1287	1199	1238	1749	1646.8	1898	1345	0.709	-0.496	-3.331	0.000866728088108204	0.0136836512681217	0.0231	0.1973	0.0284	0.0284	TRUE	0.3502
LMRG_RS14250	56	48	38	72	68	76	28	25	25	71	42	72	62	60	53	45	55	35	31	36	46	29	47.75	58	35	0.623	-0.682	-3.317	0.000909527958991801	0.0142006961995074	0.0154	0.223	0.032	0.032	TRUE	0.3174
LMRG_RS03555	1353	1449	988	3282	2738	2585	1090	1099	847	1841	2411	1741	1881	1558	2438	1809	1886	1359	1365	1216	1203	1656	1646.6	1886	1360	0.721	-0.472	-3.314	0.000920279614289083	0.0142896164284667	0.021	0.1973	0.0259	0.0259	TRUE	0.2561
LMRG_RS02795	1106	1309	850	992	841	759	389	384	453	545	566	1423	1699	1340	737	556	554	485	477	651	356	389	787.85	1052	472	0.448	-1.157	-3.311	0.000930971041642051	0.01437663477421	0.1483	0.1982	0.1584	0.1584	TRUE	0.0876
LMRG_RS09880	3035	3066	2566	1812	2112	1601	966	991	805	1170	1375	3905	3980	4046	1346	1396	1168	1204	1231	1156	765	945	1921.92	2640	1060	0.402	-1.316	-3.305	0.000948257925079036	0.0145640048710509	0.208	0.1972	0.207	0.207	TRUE	0.0424
LMRG_RS07410	647	678	531	1206	1201	1114	526	445	479	968	1157	832	880	837	896	794	813	656	553	688	633	795	761.44	842	665	0.791	-0.338	-3.3	0.000966666850086556	0.0147664892883492	0.0074	0.1982	0.0123	0.0123	TRUE	0.1518
LMRG_RS02375	87	76	48	81	112	40	28	34	22	55	50	112	99	76	60	74	29	35	42	32	36	34	57.15	75	36	0.482	-1.054	-3.287	0.00101138580501134	0.0152843651602249	0.1022	0.2187	0.1126	0.1126	TRUE	0.1699
LMRG_RS12800	603	671	677	7920	6882	10366	140	134	103	1742	1827	776	871	1067	5884	4548	7561	175	166	148	1138	1255	2144.5	3451	576	0.167	-2.581	-3.285	0.00102079090218495	0.0153444419658227	0.9063	0.1972	0.8079	0.8079	TRUE	0.0964
LMRG_RS06515	95	113	84	191	356	197	56	69	58	136	185	122	147	132	142	235	144	70	86	83	89	127	125.18	154	91	0.593	-0.754	-3.276	0.00105216205417428	0.0156495261320869	0.05	0.2067	0.0601	0.0601	TRUE	0.7822
LMRG_RS03570	2314	2274	1839	4818	4219	3770	2008	1781	1589	3043	3892	2977	2952	2900	3579	2788	2750	2503	2213	2282	1988	2674	2691.46	2991	2332	0.78	-0.359	-3.273	0.00106375417571484	0.0157391062857076	0.0109	0.197	0.0154	0.0154	TRUE	0.1162
LMRG_RS02205	530	457	301	566	667	638	297	325	231	557	485	682	593	475	420	441	465	370	404	332	364	333	443.57	513	361	0.705	-0.505	-3.27	0.0010742588772155	0.0158117478490157	0.0224	0.1994	0.0288	0.0288	TRUE	0.2907
LMRG_RS08870	1053	911	834	2180	2869	1961	683	670	599	1672	1878	1355	1183	1315	1619	1896	1430	851	832	860	1093	1290	1247.73	1466	985	0.672	-0.573	-3.253	0.00114332725043365	0.0164849122945178	0.0343	0.1976	0.0397	0.0397	TRUE	0.3687
LMRG_RS01480	630	591	433	1142	1213	1267	417	478	351	1175	646	811	767	683	848	802	924	520	594	504	768	444	696.73	806	566	0.702	-0.51	-3.208	0.00133847767110097	0.0185418524437811	0.0254	0.1984	0.0315	0.0315	TRUE	0.4946
LMRG_RS04245	2491	3076	2954	772	996	725	441	495	494	1022	712	3205	3993	4658	574	658	529	550	615	709	668	489	1513.4	2270	606	0.267	-1.904	-3.195	0.00139770087003737	0.019035112835239	0.5019	0.1974	0.4642	0.4642	TRUE	0.0624
LMRG_RS00250	416	443	362	575	712	611	273	243	301	600	572	535	575	571	427	471	446	340	302	432	392	393	444	504	372	0.741	-0.433	-3.191	0.00141709042016258	0.0191612321884184	0.0147	0.1994	0.0217	0.0217	TRUE	0.1246
LMRG_RS08860	6632	6642	5411	10227	13082	8691	5164	4838	4586	7817	9863	8533	8622	8532	7598	8645	6339	6437	6010	6586	5108	6776	7198.78	8045	6183	0.769	-0.38	-3.187	0.00143766420382892	0.0193468525715263	0.0123	0.1967	0.0184	0.0184	TRUE	0.1348
LMRG_RS14505	127	121	89	251	334	160	101	99	54	124	153	163	157	140	186	221	117	126	123	78	81	105	136.12	164	103	0.621	-0.686	-3.178	0.00148274762010468	0.0197653055396972	0.0425	0.2059	0.0527	0.0527	TRUE	0.1963
LMRG_RS00150	368	368	258	548	654	560	267	245	188	593	537	473	478	407	407	432	408	333	304	270	387	369	388.12	434	333	0.772	-0.374	-3.166	0.00154459344434295	0.0204930566840994	0.0092	0.1998	0.0155	0.0155	TRUE	0.1206
LMRG_RS01820	174	181	183	274	348	308	125	166	107	289	250	224	235	289	204	230	225	156	206	154	189	172	207.44	234	175	0.755	-0.406	-3.162	0.00156654966146638	0.0205910202014139	0.008	0.2027	0.0164	0.0164	TRUE	0.1261
LMRG_RS00255	182	230	167	360	452	409	182	186	162	338	314	234	299	263	267	299	298	227	231	233	221	216	253.43	277	226	0.809	-0.306	-3.152	0.00162349404664671	0.0212407137769611	0.0019	0.2016	0.0083	0.0083	TRUE	0.0598
LMRG_RS07555	568	414	376	2183	5875	1678	398	391	389	753	598	731	537	593	1622	3883	1224	496	486	559	492	411	1002.97	1432	489	0.341	-1.551	-3.15	0.00163335346156208	0.0212712298726932	0.3314	0.1978	0.3164	0.3164	TRUE	0.8562
LMRG_RS13030	109	149	118	2708	2756	1415	82	86	60	623	275	140	193	186	2012	1821	1032	102	107	86	407	189	570.56	897	178	0.199	-2.331	-3.121	0.00180476741900414	0.0232889165575602	0.8107	0.1988	0.7271	0.7271	TRUE	0.0805
LMRG_RS13560	27	35	16	54	47	45	20	16	14	32	33	35	45	25	40	31	33	25	20	20	21	23	28.9	35	22	0.621	-0.687	-3.118	0.00182323982734108	0.0233143699188502	0	0.2403	0.026	0.026	TRUE	0.1118
LMRG_RS10290	2926	2811	2126	4803	4942	4711	2444	2508	2213	3960	4352	3765	3649	3352	3568	3266	3436	3047	3116	3178	2588	2990	3268.56	3506	2984	0.85	-0.234	-3.111	0.00186306076860636	0.0236099091124735	0.0039	0.197	0.0071	0.0071	TRUE	0.0696
LMRG_RS13220	600	490	133	999	848	750	178	193	134	350	683	772	636	210	742	560	547	222	240	192	229	469	438.13	578	270	0.468	-1.094	-3.106	0.00189489296843429	0.0238352701506081	0.1555	0.1995	0.1596	0.1596	TRUE	0.7518
LMRG_RS02120	302	336	212	443	573	500	195	170	157	468	491	389	436	334	329	379	365	243	211	225	306	337	323.12	372	264	0.716	-0.481	-3.086	0.00203179175920497	0.0252944648084284	0.0211	0.2005	0.0285	0.0285	TRUE	0.2785
LMRG_RS07370	1110	1118	789	1619	1884	1738	869	911	749	1783	1613	1428	1451	1244	1203	1245	1268	1083	1132	1076	1165	1108	1218.45	1306	1113	0.854	-0.228	-3.083	0.00204660225969251	0.0253670964293466	0.0031	0.1976	0.0063	0.0063	TRUE	0.0356
LMRG_RS01830	3795	2981	1373	2594	2381	2422	1218	1133	796	1769	2235	4883	3870	2165	1927	1573	1767	1518	1408	1143	1156	1536	2085.9	2698	1352	0.501	-0.996	-3.082	0.00205673721456769	0.0253813946216956	0.1308	0.1972	0.1362	0.1362	TRUE	0.2105
LMRG_RS04240	3858	4838	4343	1082	1276	1014	713	739	714	1440	1156	4964	6280	6848	804	843	740	889	918	1025	941	794	2276.92	3413	913	0.268	-1.901	-3.076	0.00209580148488561	0.0257510217229858	0.5437	0.1971	0.4998	0.4998	TRUE	0.0501
LMRG_RS05585	150	150	70	214	264	207	76	84	77	173	204	193	195	110	159	174	151	95	104	111	113	140	140.49	164	113	0.691	-0.534	-3.015	0.00256964919100224	0.0305118849318165	0.0225	0.2056	0.0333	0.0333	TRUE	0.2314
LMRG_RS12525	243	261	286	657	1139	708	240	241	244	368	380	313	339	451	488	753	516	299	299	350	240	261	391.83	477	290	0.606	-0.722	-3.008	0.00263278559970909	0.0310010504365745	0.0639	0.1998	0.0725	0.0725	TRUE	0.3678
LMRG_RS03880	827	816	503	1109	1016	1128	591	509	375	990	904	1064	1059	793	824	671	823	737	632	539	647	621	764.55	872	635	0.729	-0.456	-3.005	0.00265840119082341	0.0311727874077467	0.0218	0.1982	0.0287	0.0287	TRUE	0.1033
LMRG_RS02915	1547	1443	1180	2619	3382	2600	1146	1208	1084	2696	2658	1990	1873	1861	1946	2235	1896	1429	1501	1557	1762	1826	1806.83	1967	1615	0.822	-0.283	-3.001	0.00268817702472231	0.0313916870738233	0.0071	0.1973	0.0111	0.0111	TRUE	0.0666
LMRG_RS02135	26513	28538	15775	24568	33857	21955	12582	12456	12280	22372	21871	34112	37045	24874	18251	22375	16014	15684	15474	17635	14619	15027	21009.98	25445	15688	0.617	-0.698	-2.992	0.00277374264786657	0.0321253964052088	0.0642	0.1966	0.0712	0.0712	TRUE	0.1104
LMRG_RS03565	2089	2086	1613	4843	3988	3870	1825	1623	1394	2959	3798	2688	2708	2543	3598	2635	2823	2275	2016	2002	1934	2609	2530.1	2832	2167	0.765	-0.386	-2.992	0.00276975232390212	0.0321253964052088	0.0172	0.1971	0.0214	0.0214	TRUE	0.2184
LMRG_RS03435	567	559	549	881	637	570	320	352	275	214	317	730	726	866	654	421	416	399	437	395	140	218	490.98	636	318	0.499	-1.002	-2.983	0.00284986443394895	0.0328723138381213	0.14	0.1991	0.1452	0.1452	TRUE	0.2332
LMRG_RS02195	121	74	189	31	51	41	18	18	35	26	35	156	96	298	23	34	30	22	22	50	17	24	70.23	106	27	0.256	-1.963	-2.981	0.00287019099049342	0.0328988165534405	0.5915	0.2146	0.5426	0.5426	TRUE	0.3107
LMRG_RS00785	2485	2665	1865	3357	3248	3153	1764	1627	1433	2912	2961	3197	3459	2941	2494	2146	2300	2199	2021	2058	1903	2034	2432.07	2756	2043	0.742	-0.431	-2.972	0.00295777139287973	0.0337042820817667	0.0207	0.1971	0.0271	0.0271	TRUE	0.1237
LMRG_RS11430	3587	3890	2526	3931	2431	1848	1278	1083	1294	1608	2651	4615	5050	3983	2920	1607	1348	1593	1345	1858	1051	1821	2471.94	3254	1534	0.471	-1.085	-2.954	0.00313520585058019	0.0354403669349585	0.174	0.1971	0.1762	0.1762	TRUE	0.066
LMRG_RS03095	498	605	426	978	1139	1025	395	370	369	963	979	641	785	672	727	753	748	492	460	530	629	673	646.23	721	557	0.775	-0.369	-2.931	0.00338255252302181	0.0377829779844255	0.0131	0.1985	0.0191	0.0191	TRUE	0.1651
LMRG_RS02140	60	74	64	126	152	141	51	55	54	127	91	77	96	101	94	100	103	64	68	78	83	63	84.18	95	71	0.745	-0.425	-2.92	0.00350368215936246	0.0386773663373372	0	0.2116	0.0154	0.0154	TRUE	0.1168
LMRG_RS10295	3121	3083	2271	6967	7077	7223	2351	2296	2181	5478	5813	4016	4002	3581	5176	4677	5268	2931	2852	3132	3580	3994	3928	4453	3298	0.741	-0.433	-2.921	0.00349057909133549	0.0386773663373372	0.0225	0.1969	0.0286	0.0286	TRUE	0.1481
LMRG_RS01580	25	17	22	27	27	18	8	9	10	19	15	32	22	35	20	18	13	10	11	14	12	10	18.02	23	11	0.515	-0.958	-2.913	0.00358021886600515	0.0393684767133485	0.0472	0.2667	0.0744	0.0744	TRUE	0.0841
LMRG_RS07405	1784	1882	1416	3300	3230	3136	1435	1220	1403	2740	3202	2295	2443	2233	2452	2135	2287	1789	1516	2015	1790	2200	2104.93	2308	1862	0.807	-0.309	-2.911	0.00360034748543479	0.0394363643172043	0.0096	0.1972	0.0142	0.0142	TRUE	0.1321
LMRG_RS02180	103	95	89	152	137	124	69	59	58	131	113	133	123	140	113	91	90	86	73	83	86	78	99.63	115	81	0.716	-0.482	-2.909	0.0036287636158181	0.0395941543563782	0.0145	0.2093	0.0251	0.0251	TRUE	0.0809
LMRG_RS00020	689	867	618	1230	1512	1102	481	487	404	1004	1400	886	1125	974	914	999	804	600	605	580	656	962	827.81	950	681	0.718	-0.479	-2.9	0.00373493445043856	0.0402859723547304	0.0272	0.1981	0.0344	0.0344	TRUE	0.6571
LMRG_RS08595	3147	3242	1829	3022	3152	2532	1642	1630	1167	1650	1809	4049	4208	2884	2245	2083	1847	2047	2025	1676	1078	1243	2307.73	2886	1614	0.559	-0.839	-2.9	0.00373186017388513	0.0402859723547304	0.1028	0.1971	0.1091	0.1091	TRUE	0.0869
LMRG_RS13025	45	73	59	1376	1372	714	30	33	14	359	137	58	95	93	1022	907	521	37	41	20	235	94	283.87	449	85	0.191	-2.391	-2.883	0.00393398408553771	0.0419526000970928	0.984	0.201	0.8931	0.8931	TRUE	0.1456
LMRG_RS04150	9377	8235	4474	11003	10650	10470	4835	4490	3402	9580	10697	12065	10690	7055	8174	7038	7637	6027	5578	4885	6260	7349	7523.45	8776	6020	0.686	-0.544	-2.87	0.00410503889021828	0.042966073717618	0.0419	0.1967	0.0469	0.0469	TRUE	0.2165
LMRG_RS03560	1033	1022	857	2204	1749	1640	909	871	684	1180	1593	1329	1327	1351	1637	1156	1196	1133	1082	982	771	1094	1187.22	1333	1012	0.759	-0.397	-2.866	0.00416010937847617	0.0431389729296542	0.0171	0.1976	0.0243	0.0243	TRUE	0.2229
LMRG_RS00005	4124	4140	2944	5284	6068	4848	2833	2796	2037	4869	5432	5306	5374	4642	3925	4010	3536	3532	3473	2925	3182	3732	3967.07	4466	3369	0.755	-0.406	-2.863	0.00420140352835857	0.0433327239822675	0.0199	0.1969	0.0261	0.0261	TRUE	0.0872
LMRG_RS02200	218	158	325	192	236	187	82	97	94	165	170	280	205	512	143	156	136	102	121	135	108	117	183.21	239	117	0.489	-1.031	-2.861	0.00421901257104502	0.0433561073664481	0.1592	0.2035	0.1633	0.1633	TRUE	0.7443
LMRG_RS13015	1686	1713	1278	2255	2749	2268	1247	1293	1021	2430	2342	2169	2224	2015	1675	1817	1654	1554	1606	1466	1588	1609	1761.65	1926	1565	0.814	-0.297	-2.838	0.0045354689380156	0.0462122519841371	0.0091	0.1973	0.0138	0.0138	TRUE	0.071
LMRG_RS07455	287	297	193	378	334	344	164	143	162	331	337	369	386	304	281	221	251	204	178	233	216	232	261.28	302	213	0.708	-0.499	-2.829	0.00466638872055975	0.0467631720719923	0.0282	0.2014	0.0365	0.0365	TRUE	0.0964
LMRG_RS01570	363	366	273	496	542	460	283	265	196	467	429	467	475	430	368	358	336	353	329	281	305	295	363.47	406	313	0.773	-0.371	-2.822	0.00477720020141488	0.0473697114708717	0.0131	0.2	0.0197	0.0197	TRUE	0.0862
LMRG_RS10745	60	57	62	62	71	53	29	31	33	44	35	77	74	98	46	47	39	36	39	47	29	24	50.49	64	35	0.551	-0.859	-2.814	0.00489713561478696	0.0479646385725873	0.0861	0.2216	0.0983	0.0983	TRUE	0.1566
